category,subcategory,name,price,remark,scraped_at
處理器 CPU,Intel Core Ultra 200S系列1851 腳位【內建 NPU 支援 AI】,｛Intel Core Ultra 5 225F｝【10核】3.3G(↑4.9G) /20M /無內顯【代理盒裝】,4880,,2026-09-17 23:30:17
處理器 CPU,Intel Core Ultra 200S系列1851 腳位【內建 NPU 支援 AI】,｛Intel Core Ultra 5 225｝【10核】3.3G(↑4.9G) /20M /內顯Xe-core【代理盒裝】,5800,,2026-09-17 23:30:17
處理器 CPU,Intel Core Ultra 200S系列1851 腳位【內建 NPU 支援 AI】,｛Intel Core Ultra 5 225｝【10核】3.3G(↑4.9G) /20M /內顯Xe-core【代理盒裝】~組裝價~,5280,,2026-09-17 23:30:17
處理器 CPU,Intel Core Ultra 200S系列1851 腳位【內建 NPU 支援 AI】,｛Intel Core Ultra 5 245KF｝【14核】4.2G(↑5.2G) /24M /無內顯 /無風扇【代理盒裝】,6300,,2026-09-17 23:30:17
處理器 CPU,Intel Core Ultra 200S系列1851 腳位【內建 NPU 支援 AI】,｛Intel Core Ultra 5 250KF Plus｝【18核】4.2G(↑5.3G) /30M /無內顯 /無風扇【代理盒裝】,7990,,2026-09-17 23:30:17
處理器 CPU,Intel Core Ultra 200S系列1851 腳位【內建 NPU 支援 AI】,｛Intel Core Ultra 5 250K Plus｝【18核】4.2G(↑5.3G) /30M /內顯Xe-core /無風扇【代理盒裝】,8250,,2026-09-17 23:30:17
處理器 CPU,Intel Core Ultra 200S系列1851 腳位【內建 NPU 支援 AI】,｛Intel Core Ultra 7 265K｝【20核】3.9G(↑5.4G) /30M /內顯Xe-core /無風扇【代理盒裝】,10300,,2026-09-17 23:30:17
處理器 CPU,Intel Core Ultra 200S系列1851 腳位【內建 NPU 支援 AI】,｛Intel Core Ultra 7 270K Plus｝【24核】3.7G(↑5.4G) /36M /內顯Xe-core /無風扇【代理盒裝】,12200,,2026-09-17 23:30:17
處理器 CPU,Intel Core Ultra 200S系列1851 腳位【內建 NPU 支援 AI】,｛Intel Core Ultra 9 285K｝【24核】3.7G(↑5.7G) /36M /內顯Xe-core /無風扇【代理盒裝】,21500,,2026-09-17 23:30:17
處理器 CPU,Intel Raptor Lake-s 14代1700 腳位,｛Intel i3-14100｝【4核/8緒】3.5GHz(↑4.7GHz) /12M /UHD730 /60W 【代理盒裝】,4800,,2026-09-17 23:30:17
處理器 CPU,Intel Raptor Lake-s 14代1700 腳位,｛Intel i5-14400F｝【10核/16緒】2.5GHz(↑4.7G) /20M /無內顯 /65W 【代理盒裝】,6250,,2026-09-17 23:30:17
處理器 CPU,Intel Raptor Lake-s 14代1700 腳位,｛Intel i5-14400｝【10核/16緒】2.5GHz(↑4.7G) /20M /UHD730 /65W 【代理盒裝】,7250,,2026-09-17 23:30:17
處理器 CPU,Intel Raptor Lake-s 14代1700 腳位,｛Intel i7-14700｝【20核/28緒】2.1GHz(↑5.4G) /33M /UHD770 /65W 【代理盒裝】,11800,,2026-09-17 23:30:17
處理器 CPU,Intel Alder Lake-s 12代1700 腳位,｛Intel i5-12400｝【6核/12緒】2.5G(↑4.4G) /18M /UHD730 /65w 【代理盒裝】,6100,,2026-09-17 23:30:17
處理器 CPU,Intel Sapphire Rapids Xeon W 4677腳位 『適W790主板』,｛Intel Xeon W7-3465X｝【28核/56緒】2.50GHz(↑4.8GHz) /75M /300W【代理盒裝】,101600,,2026-09-17 23:30:17
處理器 CPU,AMD AM4 腳位,｛AMD R5 3400G｝代理盒裝【4核/8緒】3.7G(↑4.2G)65W /12nm /代理商三年保 /含內顯,2099,,2026-09-17 23:30:17
處理器 CPU,AMD AM4 腳位,｛AMD R5 5600X MPK｝(含風扇)【6核/12緒】3.7G(↑4.6G)代理商三年保,4790,,2026-09-17 23:30:17
處理器 CPU,AMD AM4 腳位,｛AMD R7 5800X3D｝十週年紀念版 AM4輝煌十載【8核/16緒】3.4G(↑4.5G)105W/7nm,11790,,2026-09-17 23:30:17
處理器 CPU,AMD AM5 7000系列,｛AMD R5 7500F MPK｝(含風扇)【6核/12緒】3.7G(↑5.0G)代理商三年保,4790,,2026-09-17 23:30:17
處理器 CPU,AMD AM5 7000系列,[搭板專案 ]｛AMD R5 7500F MPK｝(含風扇)【6核/12緒】3.7G(↑5.0G)搭主機板省300,4490,,2026-09-17 23:30:17
處理器 CPU,AMD AM5 7000系列,｛AMD R7 7700 MPK｝(代理含風扇)【8核/16緒】3.8G(↑5.3G)65W /具內顯 /代理商三年保,7190,,2026-09-17 23:30:17
處理器 CPU,AMD AM5 7000系列,[搭板專案]｛AMD R7 7700 MPK｝(代理含風扇【8核/16緒】3.8G(↑5.3G)搭主機板省450,6740,,2026-09-17 23:30:17
處理器 CPU,AMD AM5 7000系列,｛AMD R7 7800X3D Tray盤｝【8核/16緒】4.2G(↑5.0G)96M/120W/具內顯三年保,9990,,2026-09-17 23:30:17
處理器 CPU,AMD AM5 8000系列,｛AMD R5 8400F盒｝【6核/12緒】4.2G(↑4.7G)65W,4950,,2026-09-17 23:30:17
處理器 CPU,AMD AM5 8000系列,｛AMD R5 8400F盒｝【6核/12緒】4.2G(↑4.7G)65W【任搭主機板】,4450,,2026-09-17 23:30:17
處理器 CPU,AMD AM5 8000系列,｛AMD R5 8500G盒｝【6核/12緒】3.5G(↑5.0G)65W /RDNA 3內顯 /新4奈米技術 /最低45W,5090,,2026-09-17 23:30:17
處理器 CPU,AMD AM5 8000系列,｛AMD R5 8600G盒｝【6核/12緒】4.3G(↑5.0G)65W /RDNA 3內顯 /內建NPU支持AI,6450,,2026-09-17 23:30:17
處理器 CPU,AMD AM5 9000系列,｛AMD R5 9600X｝代理盒裝【6核/12緒】3.9G(↑5.4G)65W /具RDNA內顯,7950,,2026-09-17 23:30:17
處理器 CPU,AMD AM5 9000系列,[搭板專案 ]｛AMD R5 9600X｝代理盒裝【6核/12緒】3.9G(↑5.4G)任搭主機板現省1200,6750,,2026-09-17 23:30:17
處理器 CPU,AMD AM5 9000系列,｛AMD R7 9700X｝代理盒裝【8核/16緒】3.8G(↑5.5G)65W /具RDNA內顯,11450,,2026-09-17 23:30:17
處理器 CPU,AMD AM5 9000系列,[搭板專案 ]｛AMD R7 9700X｝代理盒裝【8核/16緒】3.8G(↑5.5G)任搭主機板現省1500,9950,,2026-09-17 23:30:17
處理器 CPU,AMD AM5 9000系列,｛AMD R9 9900X｝代理盒裝【12核/24緒】4.4G(↑5.6G)120W /具內顯,13900,,2026-09-17 23:30:17
處理器 CPU,AMD AM5 9000系列,｛AMD R9 9950X｝代理盒裝【16核/32緒】4.3G(↑5.7G)170W /具內顯,19500,,2026-09-17 23:30:17
處理器 CPU,AMD AM5 9000系列,｛AMD R7 9800X3D｝代理盒裝【8核/16緒】4.7G(↑5.2G)120W /96M /具RDNA內顯,15900,,2026-09-17 23:30:17
處理器 CPU,AMD AM5 9000系列,[搭板專案 ]｛AMD R7 9800X3D｝代理盒【8核/16緒】4.7G(↑5.2G)任搭主機板現省900,15000,,2026-09-17 23:30:17
處理器 CPU,AMD AM5 9000系列,｛AMD R7 9850X3D｝代理盒裝【8核/16緒】4.7G(↑5.6G)120W/96M/具內顯,16000,,2026-09-17 23:30:17
處理器 CPU,AMD AM5 9000系列,｛AMD R9 9900X3D｝代理盒裝【12核/24緒】4.4G(↑5.5G)120W /具內顯,19750,,2026-09-17 23:30:17
處理器 CPU,AMD AM5 9000系列,｛AMD R9 9950X3D｝代理盒裝【16核/32緒】4.3G(↑5.7G)170W /具內顯,22200,,2026-09-17 23:30:17
處理器 CPU,AMD AM5 9000系列,｛AMD R9 9950X3D2｝雙3D-V-Cache技術【16核/32緒】4.3G(↑5.6G)200W /具內顯,31000,,2026-09-17 23:30:17
處理器 CPU,AMD Ryzen Threadripper TRX50系列 (不含散熱器),｛AMD Ryzen TR 9960X盒｝【24核/48緒】4.2G(↑5.4G)350W /128M /4nm,51960,,2026-09-17 23:30:17
處理器 CPU,AMD Ryzen Threadripper TRX50系列 (不含散熱器),｛AMD Ryzen TR 9970X盒｝【32核/64緒】4.0G(↑5.4G)350W /128M /4nm,86550,,2026-09-17 23:30:17
處理器 CPU,AMD Ryzen Threadripper TRX50系列 (不含散熱器),｛AMD Ryzen TR 9980X盒｝【64核/128緒】3.2G(↑5.4G)350W /256M /4nm,173550,,2026-09-17 23:30:17
處理器 CPU,AMD Ryzen Threadripper WRX90系列 (不含散熱器),｛AMD Ryzen TR PRO 9955WX盒｝【16核/32緒】4.5G(↑5.4G)350W /64M /4nm,56750,,2026-09-17 23:30:17
處理器 CPU,AMD Ryzen Threadripper WRX90系列 (不含散熱器),｛AMD Ryzen TR PRO 9965WX盒｝【24核/48緒】4.2G(↑5.4G)350W /128M /4nm,99950,,2026-09-17 23:30:17
處理器 CPU,AMD Ryzen Threadripper WRX90系列 (不含散熱器),｛AMD Ryzen TR PRO 9975WX盒｝【32核/64緒】4.0G(↑5.4G)350W /128M /4nm,143250,,2026-09-17 23:30:17
處理器 CPU,AMD Ryzen Threadripper WRX90系列 (不含散熱器),｛AMD Ryzen TR PRO 9985WX盒｝【64核/128緒】3.2G(↑5.4G)350W /256M /4nm,276850,,2026-09-17 23:30:17
處理器 CPU,AMD Ryzen Threadripper WRX90系列 (不含散熱器),｛AMD Ryzen TR PRO 9995WX盒｝【96核/192緒】2.5G(↑5.4G)350W /384M /4nm,392000,,2026-09-17 23:30:17
主機板 MB,Intel W680 工作站級 (1700腳位/DDR5),｛華碩 PRO WS W680M-ACE SE｝M-ATX/雙2.5G+LAN 1G *支援BMC遠端管理,13990,,2026-09-17 23:30:17
主機板 MB,Intel W680 工作站級 (1700腳位/DDR5),｛華碩 PRO WS W680-ACE｝/ATX/1A1H1P/雙2.5G/註四年 穩定.可靠性高,10990,,2026-09-17 23:30:17
主機板 MB,Intel W680 工作站級 (1700腳位/DDR5),｛華碩 PRO WS W680-ACE IPMI｝/ATX/1A1H1P/雙2.5G/註四年附華碩IPMI擴展卡,14990,,2026-09-17 23:30:17
主機板 MB,Intel Z890/W880工作站級(1851腳位/DDR5),｛華碩 PRO WS Z890-ACE SE｝/ATX/M10G+2.5G+R 1G/16+2+1+2相/BMC遠端管理,18990,,2026-09-17 23:30:17
主機板 MB,Intel Z890/W880工作站級(1851腳位/DDR5),｛華碩 PRO WS W880-ACE SE｝/ATX/雙2.5G+LAN 1G/8+1+2+2相.支援VPRO,17990,,2026-09-17 23:30:17
主機板 MB,Intel W790 伺服器級 (4677腳位/DDR5),｛華碩 Pro WS W790-ACE｝CEB/8*DDR5/10G+2.5G/註四年/IPMI遠程管理,32990,,2026-09-17 23:30:17
主機板 MB,Intel W790 伺服器級 (4677腳位/DDR5),｛華碩 Pro WS W790E-SAGE SE｝EEB/8*DDR5/雙10G+LAN 1G/14+1+1功率級,44900,,2026-09-17 23:30:17
主機板 MB,Intel W890 工作站級 (4710-2腳位/DDR5),｛華碩 Pro WS W890-SAGE｝CEB/LAN 10G+2.5G/註四年/12+2+2+1+2相 *客訂,32990,,2026-09-17 23:30:17
主機板 MB,Intel W890 工作站級 (4710-2腳位/DDR5),｛華碩 Pro WS W890E-SAGE SE｝EEB/雙10G+LAN 1G/註四年/16+2+2+1+2相*客訂,44900,,2026-09-17 23:30:17
主機板 MB,Intel H610 / 1700腳位(DDR5)-12~14代皆支援,｛華碩 PRIME H610I-PLUS-CSM｝Mini-ITX/Intel 1G/註四年/5+1+1相 [DDR5],3590,,2026-09-17 23:30:17
主機板 MB,Intel H610 / 1700腳位(DDR5)-12~14代皆支援,｛華碩 PRIME H610M-E-CSM｝M-ATX/LAN 1G/註四年/8相/2DIMM [DDR5],2490,,2026-09-17 23:30:17
主機板 MB,Intel H610 / 1700腳位(DDR5)-12~14代皆支援,｛華碩 PRIME H610M-F｝M-ATX/LAN 1G/註四年/3+1+1相/2DIMM [DDR5],2690,,2026-09-17 23:30:17
主機板 MB,Intel H610 / 1700腳位(DDR5)-12~14代皆支援,裝機價｛華碩 PRIME H610M-F｝M-ATX/LAN 1G/註四年/3+1+1相/2DIMM [DDR5],1990,,2026-09-17 23:30:17
主機板 MB,Intel H610 / 1700腳位(DDR5)-12~14代皆支援,｛華碩 PRIME H610M-K-CSM｝M-ATX/LAN 1G/註四年/8相電源/2DIMM [DDR5],2990,,2026-09-17 23:30:17
主機板 MB,Intel H610 / 1700腳位(DDR5)-12~14代皆支援,裝機價｛華碩 PRIME H610M-K-CSM｝M-ATX/LAN 1G/註四年/8相電源/2DIMM [DDR5],2290,,2026-09-17 23:30:17
主機板 MB,Intel H610 / 1700腳位(DDR5)-12~14代皆支援,｛微星 PRO H610M-S｝M-ATX/LAN 1G/註四年/5相電源/2DIMM [DDR5],1990,,2026-09-17 23:30:17
主機板 MB,Intel H610 / 1700腳位(DDR5)-12~14代皆支援,｛微星 PRO H610M-E｝M-ATX/LAN 1G/註四年/8相電源/2DIMM/6+1+1相,2290,,2026-09-17 23:30:17
主機板 MB,Intel H610 / 1700腳位(DDR5)-12~14代皆支援,｛華擎 H610M-H2/M.2 D5｝M-ATX/LAN 1G/註四年/2DIMM/3+1+1相,1990,,2026-09-17 23:30:17
主機板 MB,Intel H610 / 1700腳位(DDR4)-12~14代皆支援,｛華碩 PRIME H610M-F D4 R2.0-CSM｝M-ATX/LAN 1G/註四年/2DIMM/5相,2790,,2026-09-17 23:30:17
主機板 MB,Intel H610 / 1700腳位(DDR4)-12~14代皆支援,裝機價｛華碩 PRIME H610M-F D4 R2.0-CSM｝M-ATX/LAN 1G/註四年/2DIMM/5相,2190,,2026-09-17 23:30:17
主機板 MB,Intel H610 / 1700腳位(DDR4)-12~14代皆支援,｛華碩 PRIME H610M-K D4-CSM｝M-ATX/1A1H/LAN 1G/註四年/2DIMM/6+1+1相,2990,,2026-09-17 23:30:17
主機板 MB,Intel H610 / 1700腳位(DDR4)-12~14代皆支援,裝機價｛華碩 PRIME H610M-K D4-CSM｝M-ATX/1A1H/R 1G/2DIMM/6+1+1相,2390,,2026-09-17 23:30:17
主機板 MB,Intel H610 / 1700腳位(DDR4)-12~14代皆支援,｛華碩 PRIME H610I-PLUS D4-CSM｝Mini-ITX/1A1H1P/LAN 1G/2DIMM/5+1+1相,3590,,2026-09-17 23:30:17
主機板 MB,Intel H610 / 1700腳位(DDR4)-12~14代皆支援,｛技嘉 H610M K DDR4｝M-ATX/1H/LAN 1G/註四年/2DIMM/5相,2790,,2026-09-17 23:30:17
主機板 MB,Intel H610 / 1700腳位(DDR4)-12~14代皆支援,｛技嘉 H610M H V2 DDR4｝M-ATX/1A1H/LAN 1G/註四年/2DIMM/6+1+1相,2990,,2026-09-17 23:30:17
主機板 MB,Intel H610 / 1700腳位(DDR4)-12~14代皆支援,｛技嘉 H610M S2H V2 DDR4｝M-ATX/LAN 1G/註四年/2DIMM/6+1+1相 *尾盤,2790,,2026-09-17 23:30:17
主機板 MB,Intel H610 / 1700腳位(DDR4)-12~14代皆支援,｛微星 PRO H610M-S DDR4｝M-ATX/1H/LAN 1G/註四年/2DIMM/5相,1990,,2026-09-17 23:30:17
主機板 MB,Intel H610 / 1700腳位(DDR4)-12~14代皆支援,｛微星 PRO H610M-E DDR4｝M-ATX/LAN 1G/註四年/2DIMM/6+1+1相,2290,,2026-09-17 23:30:17
主機板 MB,Intel H610 / 1700腳位(DDR4)-12~14代皆支援,｛華擎 H610M-H2/M.2｝M-ATX/LAN 1G/四年保/3+1+1相,1990,,2026-09-17 23:30:17
主機板 MB,Intel H610 / 1700腳位(DDR4)-12~14代皆支援,｛華擎 H610M COMBO II｝M-ATX/支援D4&D5記憶體/LAN 1G/三年保/6+1+1相,2290,,2026-09-17 23:30:17
主機板 MB,Intel B760 / 1700腳位(DDR4)-12~14代皆支援,｛華碩 B760M-AYW WIFI D4｝M-ATX/2.5G+無線/註五年/2DIMM/8相 *保固升級,3990,,2026-09-17 23:30:17
主機板 MB,Intel B760 / 1700腳位(DDR4)-12~14代皆支援,｛華碩 PRIME B760M-F D4-CSM｝M-ATX/LAN 1G/註四年/2DIMM/8相,3090,,2026-09-17 23:30:17
主機板 MB,Intel B760 / 1700腳位(DDR4)-12~14代皆支援,裝機價｛華碩 PRIME B760M-F D4-CSM｝M-ATX/LAN 1G/註四年/2DIMM/8相,2790,,2026-09-17 23:30:17
主機板 MB,Intel B760 / 1700腳位(DDR4)-12~14代皆支援,｛華碩 PRIME B760M-K D4-CSM｝M-ATX/2.5G/註四年/2DIMM/8相,3190,,2026-09-17 23:30:17
主機板 MB,Intel B760 / 1700腳位(DDR4)-12~14代皆支援,｛華碩 PRIME B760M-A D4-CSM｝M-ATX/2.5G/註四年/8相,3790,,2026-09-17 23:30:17
主機板 MB,Intel B760 / 1700腳位(DDR4)-12~14代皆支援,｛華碩 PRIME B760M-A WIFI D4-CSM｝M-ATX/2.5G+無線/註四年/10相,4490,,2026-09-17 23:30:17
主機板 MB,Intel B760 / 1700腳位(DDR4)-12~14代皆支援,｛華碩 TUF GAMING B760M-E D4｝M-ATX/2.5G/註五年/10+1相 *活動到9/30,4290,,2026-09-17 23:30:17
主機板 MB,Intel B760 / 1700腳位(DDR4)-12~14代皆支援,｛華碩 TUF GAMING B760M-PLUS WIFI D4｝M-ATX/2.5G+無線/註五年/12+1相,5490,,2026-09-17 23:30:17
主機板 MB,Intel B760 / 1700腳位(DDR4)-12~14代皆支援,｛華碩 TUF GAMING B760-PLUS WIFI D4｝/ATX/2.5G+無線/註五年/12+1相,5990,,2026-09-17 23:30:17
主機板 MB,Intel B760 / 1700腳位(DDR4)-12~14代皆支援,｛技嘉 B760M K V2 DDR4｝M-ATX/LAN 1G/註四年保/2DIMM/4+1+1相,2790,,2026-09-17 23:30:17
主機板 MB,Intel B760 / 1700腳位(DDR4)-12~14代皆支援,｛技嘉 B760M H DDR4｝M-ATX/LAN 1G/註四年保/2DIMM/6+1+1相,3090,,2026-09-17 23:30:17
主機板 MB,Intel B760 / 1700腳位(DDR4)-12~14代皆支援,｛技嘉 B760M GAMING PLUS WIFI DDR4｝M-ATX/2.5G+無線/註五年/4+1+1相,3990,,2026-09-17 23:30:17
主機板 MB,Intel B760 / 1700腳位(DDR4)-12~14代皆支援,｛微星 PRO B760M-E DDR4｝M-ATX/LAN 1G/註四年/2DIMM/6+1+1相,2590,,2026-09-17 23:30:17
主機板 MB,Intel B760 / 1700腳位(DDR4)-12~14代皆支援,｛微星 PRO B760M-B DDR4｝M-ATX/2.5G/註四年/2DIMM/6+1相,2790,,2026-09-17 23:30:17
主機板 MB,Intel B760 / 1700腳位(DDR4)-12~14代皆支援,｛微星 PRO B760M-P DDR4｝M-ATX/LAN 1G/註四年/4DIMM/8相,3190,,2026-09-17 23:30:17
主機板 MB,Intel B760 / 1700腳位(DDR4)-12~14代皆支援,｛微星 B760M BOMBER DDR4｝M-ATX/2.5G/註四年/2DIMM/8相,2890,,2026-09-17 23:30:17
主機板 MB,Intel B760 / 1700腳位(DDR4)-12~14代皆支援,｛微星 B760M BOMBER WIFI DDR4｝M-ATX/2.5G+無線/註四年/2DIMM/6+1+1相,3590,,2026-09-17 23:30:17
主機板 MB,Intel B760 / 1700腳位(DDR4)-12~14代皆支援,｛華擎 B760M-HDV/M.2 D4｝M-ATX/LAN 1G/註四年/5+1+1相,2390,,2026-09-17 23:30:17
主機板 MB,Intel B760 / 1700腳位(DDR5)-12~14代皆支援,｛華碩 B760M-AYW WIFI｝M-ATX/2.5G+無線/註五年/2DIMM/8相 *保固升級,3090,,2026-09-17 23:30:17
主機板 MB,Intel B760 / 1700腳位(DDR5)-12~14代皆支援,｛華碩 PRIME B760M-F-CSM｝M-ATX/LAN 1G/註四年/2DIMM/8相,2990,,2026-09-17 23:30:17
主機板 MB,Intel B760 / 1700腳位(DDR5)-12~14代皆支援,裝機價｛華碩 PRIME B760M-F-CSM｝M-ATX/LAN 1G/註四年/2DIMM/8相,2590,,2026-09-17 23:30:17
主機板 MB,Intel B760 / 1700腳位(DDR5)-12~14代皆支援,｛華碩 PRIME B760M-K-CSM｝M-ATX/2.5G/註四年/2DIMM/8相,2990,,2026-09-17 23:30:17
主機板 MB,Intel B760 / 1700腳位(DDR5)-12~14代皆支援,｛華碩 PRIME B760M-A-CSM｝M-ATX/2.5G/註四年/8相,3190,,2026-09-17 23:30:17
主機板 MB,Intel B760 / 1700腳位(DDR5)-12~14代皆支援,｛華碩 PRIME B760M-A WIFI-CSM｝M-ATX/2.5G+無線/註四年/10相,3990,,2026-09-17 23:30:17
主機板 MB,Intel B760 / 1700腳位(DDR5)-12~14代皆支援,｛華碩 TUF GAMING B760M-PLUS WIFI II｝M-ATX/2.5G+無線/12+1相,4490,,2026-09-17 23:30:17
主機板 MB,Intel B760 / 1700腳位(DDR5)-12~14代皆支援,｛華碩 TUF GAMING B760-PLUS WIFI｝/ATX/2.5G+無線/註五年/12+1相,4590,,2026-09-17 23:30:17
主機板 MB,Intel B760 / 1700腳位(DDR5)-12~14代皆支援,｛技嘉 B760M E｝M-ATX/GE LAN/註四年保/2DIMM/6+1+1相,2990,,2026-09-17 23:30:17
主機板 MB,Intel B760 / 1700腳位(DDR5)-12~14代皆支援,｛技嘉 B760M H V2｝M-ATX/LAN 1G/註四年/2DIMM/5+1+1相,2990,,2026-09-17 23:30:17
主機板 MB,Intel B760 / 1700腳位(DDR5)-12~14代皆支援,｛技嘉 B760M DS3H GEN5｝M-ATX/2.5G/註四年保/6+2+1相,3990,,2026-09-17 23:30:17
主機板 MB,Intel B760 / 1700腳位(DDR5)-12~14代皆支援,｛技嘉 B760M DS3H WIFI6E GEN5｝M-ATX/2.5G+無線/註四年保/6+2+1相,4490,,2026-09-17 23:30:17
主機板 MB,Intel B760 / 1700腳位(DDR5)-12~14代皆支援,｛技嘉 B760M DS3H AX｝M-ATX/2.5G+無線/註四年保/6+2相 *尾盤,3690,,2026-09-17 23:30:17
主機板 MB,Intel B760 / 1700腳位(DDR5)-12~14代皆支援,｛技嘉 B760M GAMING WIFI6 PLUS GEN5｝M-ATX/2.5G+無線/註五年/6+2+1相,3690,,2026-09-17 23:30:17
主機板 MB,Intel B760 / 1700腳位(DDR5)-12~14代皆支援,｛技嘉 B760M GAMING X WIFI6E GEN5｝M-ATX/2.5G+無線/註五年/8+1+1相,4990,,2026-09-17 23:30:17
主機板 MB,Intel B760 / 1700腳位(DDR5)-12~14代皆支援,｛技嘉 B760M AORUS ELITE AX｝M-ATX/2.5G+無線/註五年/12+1+1相,5290,,2026-09-17 23:30:17
主機板 MB,Intel B760 / 1700腳位(DDR5)-12~14代皆支援,｛技嘉 B760M AORUS ELITE WIFI6E-P GEN5｝雕妹/M-ATX/2.5G+無線/12+1+1相,5990,,2026-09-17 23:30:17
主機板 MB,Intel B760 / 1700腳位(DDR5)-12~14代皆支援,｛微星 PRO B760M-E｝M-ATX/LAN 1G/註四年/2DIMM/6+1+1相,2690,,2026-09-17 23:30:17
主機板 MB,Intel B760 / 1700腳位(DDR5)-12~14代皆支援,｛微星 PRO B760M-B｝M-ATX/2.5G/註四年/2DIMM/6+1相,2790,,2026-09-17 23:30:17
主機板 MB,Intel B760 / 1700腳位(DDR5)-12~14代皆支援,｛微星 PRO B760M-P｝M-ATX/LAN 1G/註四年/4DIMM/8相,3190,,2026-09-17 23:30:17
主機板 MB,Intel B760 / 1700腳位(DDR5)-12~14代皆支援,｛微星 PRO B760M-A WIFI｝M-ATX/2.5G+無線/註四年/14相,3890,,2026-09-17 23:30:17
主機板 MB,Intel B760 / 1700腳位(DDR5)-12~14代皆支援,｛微星 B760M BOMBER｝M-ATX/2.5G/註四年/2DIMM/8相,2890,,2026-09-17 23:30:17
主機板 MB,Intel B760 / 1700腳位(DDR5)-12~14代皆支援,｛微星 B760M BOMBER WIFI｝M-ATX/2.5G+無線/註四年/2DIMM/6+1+1相,3490,,2026-09-17 23:30:17
主機板 MB,Intel B760 / 1700腳位(DDR5)-12~14代皆支援,｛微星 B760M GAMING WIFI｝M-ATX/2.5G+無線/註五年/2DIMM/6+1相,3690,,2026-09-17 23:30:17
主機板 MB,Intel B760 / 1700腳位(DDR5)-12~14代皆支援,｛微星 B760M GAMING PLUS WIFI｝M-ATX/2.5G+無線/註五年/12+1+1相,4090,,2026-09-17 23:30:17
主機板 MB,Intel B760 / 1700腳位(DDR5)-12~14代皆支援,｛微星 B760 GAMING PLUS WIFI｝/ATX/2.5G+無線/註五年/12+1+1相,4290,,2026-09-17 23:30:17
主機板 MB,Intel B760 / 1700腳位(DDR5)-12~14代皆支援,｛華擎 B760M-HDV/M.2｝M-ATX/2.5G/註四年/7+1+1相,2390,,2026-09-17 23:30:17
主機板 MB,Intel B760 / 1700腳位(DDR5)-12~14代皆支援,｛華擎 B760M PG LIGHTNING｝M-ATX/2.5G/註五年/7+1+1相,3890,,2026-09-17 23:30:17
主機板 MB,Intel B760 / 1700腳位(DDR5)-12~14代皆支援,｛華擎 B760M Steel Legend WiFi｝M-ATX/2.5G+無線/12+1+1相.支援eDP,4190,,2026-09-17 23:30:17
主機板 MB,Intel Z790 / 1700腳位(DDR4)-12~14代皆支援,｛華碩 PRIME Z790-P D4-CSM｝/ATX/2.5G/註四年/14+1相,6490,,2026-09-17 23:30:17
主機板 MB,Intel Z790 / 1700腳位(DDR5)-12~14代皆支援,｛華碩 PRIME Z790-P WIFI-CSM｝/ATX/2.5G+無線/註四年/14+1相,6490,,2026-09-17 23:30:17
主機板 MB,Intel Z790 / 1700腳位(DDR5)-12~14代皆支援,｛微星 PRO Z790-P WIFI｝/ATX/2.5G+無線/註四年/14+1+1相,5590,,2026-09-17 23:30:17
主機板 MB,Intel H810 / 1851腳位(DDR5),｛華碩 PRIME H810M-K-CSM｝M-ATX/LAN 1G/註四年/2DIMM/6+1+1+1相,3090,,2026-09-17 23:30:17
主機板 MB,Intel H810 / 1851腳位(DDR5),｛華碩 PRIME H810M-E-CSM｝M-ATX/LAN 1G/註四年/2DIMM/6+1+1+1相,3190,,2026-09-17 23:30:17
主機板 MB,Intel H810 / 1851腳位(DDR5),｛技嘉 H810M K GEN5｝M-ATX/LAN 1G/註四年/2DIMM/3+1+2相,2990,,2026-09-17 23:30:17
主機板 MB,Intel H810 / 1851腳位(DDR5),｛技嘉 H810M H｝M-ATX/LAN 1G/註四年/2DIMM/4+1+2相,3190,,2026-09-17 23:30:17
主機板 MB,Intel H810 / 1851腳位(DDR5),｛技嘉 H810M H GEN5｝M-ATX/LAN 1G/註四年/2DIMM/4+1+2相,3190,,2026-09-17 23:30:17
主機板 MB,Intel H810 / 1851腳位(DDR5),｛微星 PRO H810M-E｝M-ATX/2.5G/註四年/2DIMM/4+1+1+1相,2890,,2026-09-17 23:30:17
主機板 MB,Intel H810 / 1851腳位(DDR5),｛微星 PRO H810M-B｝M-ATX/2.5G/註四年/2DIMM/6+1+1+1相,3290,,2026-09-17 23:30:17
主機板 MB,Intel H810 / 1851腳位(DDR5),｛微星 PRO H810M-B WIFI6E｝M-ATX/2.5G+無線/註四年/2DIMM/6+1+1+1相,3590,,2026-09-17 23:30:17
主機板 MB,Intel H810 / 1851腳位(DDR5),｛微星 H810M GAMING WIFI6E｝M-ATX/2.5G+Wi-Fi 6E/註四年/2DIMM/6+1+1+1相,3890,,2026-09-17 23:30:17
主機板 MB,Intel H810 / 1851腳位(DDR5),｛華擎 H810M-H｝M-ATX/LAN 1G/註四年/2DIMM/6+1+1+1+1相,2290,,2026-09-17 23:30:17
主機板 MB,Intel H810 / 1851腳位(DDR5),｛華擎 H810M-X WIFI｝M-ATX/2.5G+無線/註四年/2DIMM/6+1+1+1+1相 *尾盤,2690,,2026-09-17 23:30:17
主機板 MB,Intel B860 / 1851腳位(DDR5),｛華碩 B860M-E-CSM｝M-ATX/2.5G/註四年/2DIMM/6+1+1+1相 *活動到9/30,3390,,2026-09-17 23:30:17
主機板 MB,Intel B860 / 1851腳位(DDR5),｛華碩 B860M AYW GAMING WIFI｝M-ATX/2.5G+無線/註五年/2DIMM/6+1+1+1相/獨家,3990,,2026-09-17 23:30:17
主機板 MB,Intel B860 / 1851腳位(DDR5),｛華碩 PRIME B860M-K-CSM｝M-ATX/2.5G/註四年/2DIMM/6+1+1+1相,3990,,2026-09-17 23:30:17
主機板 MB,Intel B860 / 1851腳位(DDR5),｛華碩 PRIME B860M-A-CSM｝M-ATX/2.5G/註四年/7+1+1+1相,4690,,2026-09-17 23:30:17
主機板 MB,Intel B860 / 1851腳位(DDR5),｛華碩 PRIME B860M-A WIFI-CSM｝M-ATX/2.5G+無線/註四年/7+1+1+1相 *活動到9/30,5090,,2026-09-17 23:30:17
主機板 MB,Intel B860 / 1851腳位(DDR5),｛華碩 B860M MAX GAMING AX｝M-ATX/2.5G+無線/註五年/6+1+1+1相 *活動到9/30,4990,,2026-09-17 23:30:17
主機板 MB,Intel B860 / 1851腳位(DDR5),｛華碩 TUF GAMING B860M-PLUS WIFI｝M-ATX/2.5G+Wi-Fi7/註五年/12+1+2+1相,6490,,2026-09-17 23:30:17
主機板 MB,Intel B860 / 1851腳位(DDR5),｛華碩 TUF GAMING B860-PLUS WIFI｝/ATX/2.5G+Wi-Fi7/註五年/12+1+2+1相,6990,,2026-09-17 23:30:17
主機板 MB,Intel B860 / 1851腳位(DDR5),｛華碩 ROG STRIX B860-G GAMING WIFI｝M-ATX/2.5G+Wi-Fi7/14+1+2+1相*9/30止,6990,,2026-09-17 23:30:17
主機板 MB,Intel B860 / 1851腳位(DDR5),｛華碩 ROG STRIX B860-A GAMING WIFI S｝吹雪/ATX/2.5G+Wi-Fi7/14+1+2+1相,7690,,2026-09-17 23:30:17
主機板 MB,Intel B860 / 1851腳位(DDR5),｛華碩 ROG STRIX B860-F GAMING WIFI｝/ATX/2.5G+Wi-Fi7/16+1+2+1相*活動到9/30,8490,,2026-09-17 23:30:17
主機板 MB,Intel B860 / 1851腳位(DDR5),｛技嘉 B860M H｝M-ATX/2.5G/註四年/2DIMM/4+1+2相,3590,,2026-09-17 23:30:17
主機板 MB,Intel B860 / 1851腳位(DDR5),｛技嘉 B860M EAGLE V2｝M-ATX/2.5G/註四年/2DIMM/6+1+2相,3990,,2026-09-17 23:30:17
主機板 MB,Intel B860 / 1851腳位(DDR5),｛技嘉 B860M GAMING WIFI6｝M-ATX/2.5G+無線/註五年/8+1+2相,4990,,2026-09-17 23:30:17
主機板 MB,Intel B860 / 1851腳位(DDR5),｛技嘉 B860M GAMING X WIFI6E｝M-ATX/2.5G+無線/註五年/8+1+2相,5390,,2026-09-17 23:30:17
主機板 MB,Intel B860 / 1851腳位(DDR5),｛技嘉 B860M AORUS ELITE WIFI6E｝M-ATX/2.5G+無線/註五年/12+1+2相*獨家,6490,,2026-09-17 23:30:17
主機板 MB,Intel B860 / 1851腳位(DDR5),｛技嘉 B860M AORUS ELITE WIFI6E ICE｝冰魄白 M-ATX/2.5G+無線/12+1+2相*獨家,6490,,2026-09-17 23:30:17
主機板 MB,Intel B860 / 1851腳位(DDR5),｛技嘉 B860 EAGLE WIFI6E｝/ATX/2.5G+無線/註四年/12+1+2相,6490,,2026-09-17 23:30:17
主機板 MB,Intel B860 / 1851腳位(DDR5),｛技嘉 B860 GAMING X WIFI6E｝/ATX/2.5G+無線/註五年/12+1+2相,6790,,2026-09-17 23:30:17
主機板 MB,Intel B860 / 1851腳位(DDR5),｛技嘉 B860 AORUS ELITE WIFI7 ICE｝/ATX/2.5G+Wi-Fi7/註五年/12+1+2相,7990,,2026-09-17 23:30:17
主機板 MB,Intel B860 / 1851腳位(DDR5),｛微星 MPG B860I EDGE TI WIFI｝Mini-ITX/Intel 5G+Wi-Fi7/註五年/8+1+1+1相,6490,,2026-09-17 23:30:17
主機板 MB,Intel B860 / 1851腳位(DDR5),｛微星 PRO B860M-E｝M-ATX/5G/註四年/2DIMM/6+1+1+1相,3390,,2026-09-17 23:30:17
主機板 MB,Intel B860 / 1851腳位(DDR5),｛微星 PRO B860M-X｝M-ATX/5G/註四年/2DIMM/8+2+1相.獨家,3690,,2026-09-17 23:30:17
主機板 MB,Intel B860 / 1851腳位(DDR5),｛微星 PRO B860M-B｝M-ATX/5G/註四年/2DIMM/6+1+1+1相 *尾盤,3690,,2026-09-17 23:30:17
主機板 MB,Intel B860 / 1851腳位(DDR5),｛微星 PRO B860M-B WIFI｝M-ATX/5G+Wi-Fi7/註四年/2DIMM/6+1+1+1相,4490,,2026-09-17 23:30:17
主機板 MB,Intel B860 / 1851腳位(DDR5),｛微星 B860M GAMING WIFI｝M-ATX/2.5G+Wi-Fi7/註五年/8+1+1+1相,4690,,2026-09-17 23:30:17
主機板 MB,Intel B860 / 1851腳位(DDR5),｛微星 B860M GAMING PLUS WIFI｝M-ATX/Intel 5G+Wi-Fi7/註五年/12+1+1+1相,6190,,2026-09-17 23:30:17
主機板 MB,Intel B860 / 1851腳位(DDR5),｛微星 MAG B860M MORTAR WIFI｝M-ATX/Intel 5G+Wi-Fi7/註五年/12+1+1+1相,6690,,2026-09-17 23:30:17
主機板 MB,Intel B860 / 1851腳位(DDR5),｛微星 PRO B860-P｝/ATX/5G/註四年/12+1+1+1相,5090,,2026-09-17 23:30:17
主機板 MB,Intel B860 / 1851腳位(DDR5),｛微星 PRO B860-P WIFI｝/ATX/5G/註四年/12+1+1+1相,5590,,2026-09-17 23:30:17
主機板 MB,Intel B860 / 1851腳位(DDR5),｛微星 B860 GAMING PLUS WIFI｝/ATX/Intel 5G+Wi-Fi7/註五年/12+1+1+1相,6590,,2026-09-17 23:30:17
主機板 MB,Intel B860 / 1851腳位(DDR5),｛微星 MAG B860 TOMAHAWK WIFI｝/ATX/Intel 5G+Wi-Fi7/註五年/12+1+1+1相,6990,,2026-09-17 23:30:17
主機板 MB,Intel B860 / 1851腳位(DDR5),｛華擎 B860I WiFi｝Mini-ITX/2.5G+無線/註五年/8+1+1相,4990,,2026-09-17 23:30:17
主機板 MB,Intel B860 / 1851腳位(DDR5),｛華擎 B860M-H2｝M-ATX/LAN 1G/註四年/2DIMM/5+1+1+1+1相,2990,,2026-09-17 23:30:17
主機板 MB,Intel B860 / 1851腳位(DDR5),｛華擎 B860M Rock WiFi｝M-ATX/2.5G+無線/註五年/2DIMM/5+1+1+1+1相,4190,,2026-09-17 23:30:17
主機板 MB,Intel B860 / 1851腳位(DDR5),｛華擎 B860M LiveMixer WiFi｝M-ATX/2.5G+無線/註五年/10+1+1+1相,4690,,2026-09-17 23:30:17
主機板 MB,Intel B860 / 1851腳位(DDR5),｛華擎 B860M-X WiFi｝M-ATX/2.5G+無線/註五年/2DIMM/7+1+1+1+1相,4990,,2026-09-17 23:30:17
主機板 MB,Intel B860 / 1851腳位(DDR5),｛華擎 B860M Pro RS WiFi｝M-ATX/2.5G+無線/註五年/10+1+1+1+1相,5990,,2026-09-17 23:30:17
主機板 MB,Intel B860 / 1851腳位(DDR5),｛華擎 B860M Steel Legend WiFi｝M-ATX/2.5G+無線/註五年/12+1+1+1相,5490,,2026-09-17 23:30:17
主機板 MB,Intel B860 / 1851腳位(DDR5),｛華擎 B860 Rock WiFi 7｝/ATX/2.5G+Wi-Fi7/註五年/8+1+1+1+1相,4390,,2026-09-17 23:30:17
主機板 MB,Intel B860 / 1851腳位(DDR5),｛華擎 B860 Steel Legend WiFi｝/ATX/2.5G+無線/註五年/14+1+1+1相,8290,,2026-09-17 23:30:17
主機板 MB,Intel Z890 / 1851腳位(DDR5),｛華碩 Z890 MAX GAMING WIFI7｝/ATX/2.5G+Wi-Fi7/12+1+2+1相 *活動到9/30,6990,,2026-09-17 23:30:17
主機板 MB,Intel Z890 / 1851腳位(DDR5),｛華碩 PRIME Z890-P WIFI-CSM｝/ATX/2.5G+Wi-Fi7/註四年/14+1+2相 *活動到9/30,7490,,2026-09-17 23:30:17
主機板 MB,Intel Z890 / 1851腳位(DDR5),｛華碩 Z890 AYW GAMING WIFI W｝/ATX/2.5G+無線/註五年/白色/12+1+2相.獨家,8990,,2026-09-17 23:30:17
主機板 MB,Intel Z890 / 1851腳位(DDR5),｛華碩 ROG STRIX Z890-A GAMING WIFI｝/ATX/2.5G+Wi-Fi7/銀白版/16+1+2相,12990,,2026-09-17 23:30:17
主機板 MB,Intel Z890 / 1851腳位(DDR5),｛華碩 ROG STRIX Z890-F GAMING WIFI｝/ATX/2.5G+Wi-Fi7/16+1+2相,14990,,2026-09-17 23:30:17
主機板 MB,Intel Z890 / 1851腳位(DDR5),｛華碩 ProArt Z890-CREATOR WIFI｝/ATX/Marvell10G+2.5G+Wi-Fi7/16+1+2相,15990,,2026-09-17 23:30:17
主機板 MB,Intel Z890 / 1851腳位(DDR5),｛華碩 ROG MAXIMUS Z890 HERO｝/ATX/5G+2.5G+Wi-Fi7/22+1+2+2相,20990,,2026-09-17 23:30:17
主機板 MB,Intel Z890 / 1851腳位(DDR5),｛技嘉 Z890I AORUS ULTRA｝Mini-ITX/2.5G+Wi-Fi7+註五年/8+1+2相,11990,,2026-09-17 23:30:17
主機板 MB,Intel Z890 / 1851腳位(DDR5),｛技嘉 Z890M GAMING X｝M-ATX/2.5G/註五年/8+1+2相,6890,,2026-09-17 23:30:17
主機板 MB,Intel Z890 / 1851腳位(DDR5),｛技嘉 Z890M FORCE DUO X WIFI7｝M-ATX/5G+Wi-Fi7/註五年/12+1+2相,7990,,2026-09-17 23:30:17
主機板 MB,Intel Z890 / 1851腳位(DDR5),｛技嘉 Z890 UD WIFI6E｝/ATX/2.5G+無線/註四年/14+1+2相,6990,,2026-09-17 23:30:17
主機板 MB,Intel Z890 / 1851腳位(DDR5),｛技嘉 Z890 EAGLE WIFI7｝/ATX/2.5G+Wi-Fi7/註四年/14+1+2相 *售完為止,7990,,2026-09-17 23:30:17
主機板 MB,Intel Z890 / 1851腳位(DDR5),｛技嘉 Z890 EAGLE WIFI7 PLUS｝/ATX/2.5G+Wi-Fi7/註四年/14+1+2相,8290,,2026-09-17 23:30:17
主機板 MB,Intel Z890 / 1851腳位(DDR5),｛技嘉 Z890 GAMING X WIFI7｝/ATX/2.5G+Wi-Fi7/註五年/16+1+2相,9290,,2026-09-17 23:30:17
主機板 MB,Intel Z890 / 1851腳位(DDR5),｛技嘉 Z890 AORUS ELITE WIFI7｝/ATX/2.5G+Wi-Fi7/註五年/16+1+2相,9990,,2026-09-17 23:30:17
主機板 MB,Intel Z890 / 1851腳位(DDR5),｛技嘉 Z890 AORUS ELITE WIFI7 PLUS｝/ATX/5G+2.5G+Wi-Fi7/註五年/16+1+2相,9990,,2026-09-17 23:30:17
主機板 MB,Intel Z890 / 1851腳位(DDR5),｛技嘉 Z890 AORUS ELITE WIFI7 ICE｝冰魄白/ATX/2.5G+Wi-Fi7/16+1+2相-獨家,9490,,2026-09-17 23:30:17
主機板 MB,Intel Z890 / 1851腳位(DDR5),｛技嘉 Z890 AORUS ELITE DUO X｝/ATX/5G+Wi-Fi7/註五年/2DIMM/16+1+2相.XMP Booster,11490,,2026-09-17 23:30:17
主機板 MB,Intel Z890 / 1851腳位(DDR5),｛技嘉 Z890 AORUS PRO ICE｝冰魄白/ATX/5G+Wi-Fi7/註五年/16+1+2相,12990,,2026-09-17 23:30:17
主機板 MB,Intel Z890 / 1851腳位(DDR5),｛技嘉 Z890 AERO G｝/ATX/2*2.5G+Wi-Fi7/註五年/16+1+2相,12990,,2026-09-17 23:30:17
主機板 MB,Intel Z890 / 1851腳位(DDR5),｛技嘉 Z890 AORUS MASTER｝/ATX/10G+Wi-Fi7/註五年/18+1+2相,17990,,2026-09-17 23:30:17
主機板 MB,Intel Z890 / 1851腳位(DDR5),｛技嘉 Z890 AORUS XTREME AI TOP(E-ATX/2*10G+Wi-Fi7/22+1+2相,33900,,2026-09-17 23:30:17
主機板 MB,Intel Z890 / 1851腳位(DDR5),｛微星 MPG Z890I EDGE TI WIFI｝Mini-ITX/Killer 5G+Wi-Fi7/註五年/10+1+1+1相,11590,,2026-09-17 23:30:17
主機板 MB,Intel Z890 / 1851腳位(DDR5),｛微星 PRO Z890-S WIFI｝/ATX/2.5G+Wi-Fi7/註四年/12+1+1+1相,7490,,2026-09-17 23:30:17
主機板 MB,Intel Z890 / 1851腳位(DDR5),｛微星 PRO Z890-S WIFI WHITE｝/ATX/2.5G+Wi-Fi7/雪白版/12+1+1+1相,7490,,2026-09-17 23:30:17
主機板 MB,Intel Z890 / 1851腳位(DDR5),｛微星 PRO Z890-S WIFI PZ｝背插/ATX/2.5G+Wi-Fi7/銀/12+1+1+1相,7990,,2026-09-17 23:30:17
主機板 MB,Intel Z890 / 1851腳位(DDR5),｛微星 PRO Z890-P WIFI｝/ATX/5G+Wi-Fi7/註四年/14+1+1+1相,8490,,2026-09-17 23:30:17
主機板 MB,Intel Z890 / 1851腳位(DDR5),｛微星 PRO Z890-A WIFI｝/ATX/5G+Wi-Fi7/註四年/16+1+1+1相,8990,,2026-09-17 23:30:17
主機板 MB,Intel Z890 / 1851腳位(DDR5),｛微星 Z890 GAMING PLUS WIFI｝/ATX/Killer 5G+Wi-Fi7/註五年/14+1+1+1相,9990,,2026-09-17 23:30:17
主機板 MB,Intel Z890 / 1851腳位(DDR5),｛微星 MAG Z890 TOMAHAWK WIFI｝/ATX/Killer 5G+Wi-Fi7/16+1+1+1相*獨家,10990,,2026-09-17 23:30:17
主機板 MB,Intel Z890 / 1851腳位(DDR5),｛微星 MPG Z890 EDGE TI WIFI｝/ATX/Killer 5G+Wi-Fi7/註五年/16+1+1+1相,13490,,2026-09-17 23:30:17
主機板 MB,Intel Z890 / 1851腳位(DDR5),｛微星 MPG Z890 CARBON WIFI｝/ATX/Killer5G+Intel2.5G+Wi-Fi7/註五年/20+1+1+1相,15990,,2026-09-17 23:30:17
主機板 MB,Intel Z890 / 1851腳位(DDR5),｛微星 MEG Z890 UNIFY-X｝/ATX/Killer5G+Wi-Fi7/註五年/20+2+1+1相,18990,,2026-09-17 23:30:17
主機板 MB,Intel Z890 / 1851腳位(DDR5),[加購] 9/15前 買微星 Z890 UNIFY-X+加購威剛 32GB DDR5-5600 CL46(售價,14999,,2026-09-17 23:30:17
主機板 MB,Intel Z890 / 1851腳位(DDR5),｛微星 MEG Z890 ACE｝/ATX/10G+Wi-Fi7/註五年/24+2+1+1相,19990,,2026-09-17 23:30:17
主機板 MB,Intel Z890 / 1851腳位(DDR5),[加購] 9/15前 買微星 Z890 ACE+加購威剛 32GB DDR5-5600 CL46(售價,14999,,2026-09-17 23:30:17
主機板 MB,Intel Z890 / 1851腳位(DDR5),｛微星 MEG Z890 GODLIKE｝E-ATX/10G+Killer 5G+Wi-Fi7/註五年/26+2+1相,35990,,2026-09-17 23:30:17
主機板 MB,Intel Z890 / 1851腳位(DDR5),｛華擎 Z890I Nova WiFi｝Mini-ITX/5G+Wi-Fi7/註五年/12+1+1+1+1相,11890,,2026-09-17 23:30:17
主機板 MB,Intel Z890 / 1851腳位(DDR5),｛華擎 Z890M Riptide WiFi｝M-ATX/Killer 2.5G+無線/註五年/16+1+1相,7990,,2026-09-17 23:30:17
主機板 MB,Intel Z890 / 1851腳位(DDR5),｛華擎 Z890 Pro-A WiFi｝/ATX/2.5G+無線/註五年/16+1+1相,5990,,2026-09-17 23:30:17
主機板 MB,Intel Z890 / 1851腳位(DDR5),｛華擎 Z890 Nova WiFi｝/ATX/5G+Killer 2.5G+Wi-Fi7/註五年/20+1+2相,12990,,2026-09-17 23:30:17
主機板 MB,Intel Z890 / 1851腳位(DDR5),｛華擎 Z890 Taichi Lite｝/ATX/5G+Dragon 2.5G+Wi-Fi7/註五年/20+1+2相,13990,,2026-09-17 23:30:17
主機板 MB,Intel Z890 / 1851腳位(DDR5),｛華擎 Z890 Taichi｝/ATX/5G+Dragon 2.5G+Wi-Fi7/註五年/20+1+2相,14990,,2026-09-17 23:30:17
主機板 MB,Intel H81 / 1150腳位(DDR3),｛華碩 H81M-K｝M-ATX/1A1D/U3/LAN 1G/註四年D-SUB+DVI輸出,2990,,2026-09-17 23:30:17
主機板 MB,Intel H110 & H310 / 1151腳位(DDR4),｛華碩 H110M-K｝M-ATX/1A1D/U3/LAN 1G/全固/註四年/D-SUB+DVI輸出,2990,,2026-09-17 23:30:17
主機板 MB,Intel H110 & H310 / 1151腳位(DDR4),｛華碩 PRIME H310M-K｝M-ATX/1A1D/LAN 1G/註四年D-SUB+DVI輸出,2990,,2026-09-17 23:30:17
主機板 MB,AMD A520 / AM4腳位(DDR4),｛華碩 PRIME A520M-K/CSM｝M-ATX/1A1H/LAN 1G/註四年/D-SUB+HDMI輸出/6相,2090,,2026-09-17 23:30:17
主機板 MB,AMD A520 / AM4腳位(DDR4),｛技嘉 A520M K V2｝M-ATX/1A1H/LAN 1G/註四年/2DIMM/D-SUB+HDMI輸出/6+1相,2090,,2026-09-17 23:30:17
主機板 MB,AMD A520 / AM4腳位(DDR4),｛技嘉 A520M H ARGB｝M-ATX/LAN 1G/註四年/2DIMM/HDMI+Display輸出/6+1相,2090,,2026-09-17 23:30:17
主機板 MB,AMD A520 / AM4腳位(DDR4),｛微星 A520M-A PRO｝M-ATX/1D1H/LAN 1G/註四年/2DIMM/DVI+HDMI輸出/6相,1990,,2026-09-17 23:30:17
主機板 MB,AMD A520 / AM4腳位(DDR4),｛華擎 A520M-ITX/ac｝Mini-ITX/1H1P/LAN 1G/ac+BT/註四年/HDMI+Display輸出/8相,3390,,2026-09-17 23:30:17
主機板 MB,AMD A520 / AM4腳位(DDR4),｛華擎 A520M-HVS｝M-ATX/1A1H/Realtek LAN/註四年/D-SUB+HDMI輸出/6相,1650,,2026-09-17 23:30:17
主機板 MB,AMD B550 / AM4腳位(DDR4),｛華碩 PRIME B550M-K ARGB-CSM｝M-ATX/LAN 1G/2DIMM/註四年/4+2相,2690,,2026-09-17 23:30:17
主機板 MB,AMD B550 / AM4腳位(DDR4),裝機價｛華碩 PRIME B550M-K ARGB-CSM｝M-ATX/LAN 1G/2DIMM/註四年/4+2相,2490,,2026-09-17 23:30:17
主機板 MB,AMD B550 / AM4腳位(DDR4),｛華碩 PRIME B550M-K/CSM｝M-ATX/LAN 1G/註四年/4DIMM/4+2相,2790,,2026-09-17 23:30:17
主機板 MB,AMD B550 / AM4腳位(DDR4),｛華碩 PRIME B550M-K WIFI｝M-ATX/LAN 1G+Wi-Fi 6/註四年/2DIMM/4+2相,2890,,2026-09-17 23:30:17
主機板 MB,AMD B550 / AM4腳位(DDR4),[合購優惠] 華碩 PRIME B550M-K WIFI + AMD R5 5600X MPK【6核/12緒】,7380,,2026-09-17 23:30:17
主機板 MB,AMD B550 / AM4腳位(DDR4),｛華碩 TUF GAMING B550M-PLUS｝M-ATX/1H1P/2.5G/註五年/8+2相,3390,,2026-09-17 23:30:17
主機板 MB,AMD B550 / AM4腳位(DDR4),｛華碩 TUF GAMING B550M-PLUS WIFI II｝M-ATX/R 2.5G+Wi-Fi 6/註五年/8+2相,3790,,2026-09-17 23:30:17
主機板 MB,AMD B550 / AM4腳位(DDR4),｛技嘉 B550M H ARGB｝M-ATX/LAN 1G/註四年/2DIMM/4+2相,2490,,2026-09-17 23:30:17
主機板 MB,AMD B550 / AM4腳位(DDR4),｛技嘉 B550M K｝M-ATX/1H1P/LAN 1G/註四年/4DIMM/4+2相,2690,,2026-09-17 23:30:17
主機板 MB,AMD B550 / AM4腳位(DDR4),｛技嘉 B550M AORUS ELITE｝M-ATX/1D1H/LAN 1G/註五年/5+3相,2990,,2026-09-17 23:30:17
主機板 MB,AMD B550 / AM4腳位(DDR4),｛技嘉 B550M GAMING X WIFI6｝M-ATX/LAN 1G+無線/註五年/5+3相,3690,,2026-09-17 23:30:17
主機板 MB,AMD B550 / AM4腳位(DDR4),｛微星 B550M-A PRO｝M-ATX/1D1H/LAN 1G/註四年/2DIMM/4+2相*尾盤,2390,,2026-09-17 23:30:17
主機板 MB,AMD B550 / AM4腳位(DDR4),｛微星 PRO B550M-B｝M-ATX/LAN 1G/註四年/2DIMM/4+2相,2690,,2026-09-17 23:30:17
主機板 MB,AMD B550 / AM4腳位(DDR4),｛微星 PRO B550M-P｝M-ATX/LAN 1G/註四年/4DIMM/4+2+1相,2790,,2026-09-17 23:30:17
主機板 MB,AMD B550 / AM4腳位(DDR4),｛微星 PRO B550M-P WIFI6E｝M-ATX/LAN 1G+無線/註四年/4DIMM/4+2+1相,3090,,2026-09-17 23:30:17
主機板 MB,AMD B550 / AM4腳位(DDR4),｛微星 B550M PRO-VDH WIFI｝M-ATX/Realtek LAN+ac/註四年/4+2+1相,3390,,2026-09-17 23:30:17
主機板 MB,AMD B550 / AM4腳位(DDR4),｛微星 B550M GAMING PLUS WIFI6E｝M-ATX/LAN 1G+無線/註五年/4+2+1相,3990,,2026-09-17 23:30:17
主機板 MB,AMD B550 / AM4腳位(DDR4),｛華擎 B550M-ITX/ac｝ITX/1H1P/LAN 1G/ac+BT/註四年/8相,3990,,2026-09-17 23:30:17
主機板 MB,AMD A620 / AM5腳位(DDR5),｛華擎 A620AI WiFi｝Mini-ITX/2.5G+無線/2DIMM/HDMI輸出/8+2+1相,4790,,2026-09-17 23:30:17
主機板 MB,AMD A620 / AM5腳位(DDR5),｛華擎 A620AM-HVS｝M-ATX/LAN 1G/註四年/2DIMM/D-SUB+HDMI輸出/4+1+1相,2590,,2026-09-17 23:30:17
主機板 MB,AMD B650E & B650 / AM5腳位(DDR5),｛華碩 PRIME B650M-F-CSM｝M-ATX/LAN 1G/註四年/2DIMM/9相,3090,,2026-09-17 23:30:17
主機板 MB,AMD B650E & B650 / AM5腳位(DDR5),裝機價｛華碩 PRIME B650M-F-CSM｝M-ATX/LAN 1G/註四年/2DIMM/9相,2790,,2026-09-17 23:30:17
主機板 MB,AMD B650E & B650 / AM5腳位(DDR5),｛華碩 PRIME B650M-R-CSM｝M-ATX/Realtek 2.5G/註四年/2DIMM/8+1相,3090,,2026-09-17 23:30:17
主機板 MB,AMD B650E & B650 / AM5腳位(DDR5),｛華碩 TUF GAMING B650M-E WIFI｝M-ATX/2.5G+無線/註五年/8+2+1相*活動到9/30,4290,,2026-09-17 23:30:17
主機板 MB,AMD B650E & B650 / AM5腳位(DDR5),｛華碩 TUF GAMING B650M-PLUS｝M-ATX/2.5G/註五年/12+2+2相 獨家*活動到9/30,4390,,2026-09-17 23:30:17
主機板 MB,AMD B650E & B650 / AM5腳位(DDR5),｛華碩 TUF GAMING B650M-PLUS WIFI｝M-ATX/2.5G+無線/註五年/12+2+2相,4690,,2026-09-17 23:30:17
主機板 MB,AMD B650E & B650 / AM5腳位(DDR5),｛華碩 TUF GAMING B650-E WIFI｝/ATX/2.5G+無線/註五年/8+2+2相*活動到9/30,4690,,2026-09-17 23:30:17
主機板 MB,AMD B650E & B650 / AM5腳位(DDR5),｛華碩 TUF GAMING B650-PLUS WIFI｝/ATX/2.5G+無線/12+2相*活動到9/30,4990,,2026-09-17 23:30:17
主機板 MB,AMD B650E & B650 / AM5腳位(DDR5),｛華碩 ROG STRIX B650-A GAMING WIFI｝/ATX/Intel2.5G+無線/12+2+1相,5490,,2026-09-17 23:30:17
主機板 MB,AMD B650E & B650 / AM5腳位(DDR5),｛技嘉 B650M H｝M-ATX/LAN 1G/註四年/2DIMM/5+2+2相,2990,,2026-09-17 23:30:17
主機板 MB,AMD B650E & B650 / AM5腳位(DDR5),｛技嘉 B650EM FORCE WIFI6E｝M-ATX/2.5G+無線/註五年/8+2+2相,4490,,2026-09-17 23:30:17
主機板 MB,AMD B650E & B650 / AM5腳位(DDR5),｛技嘉 B650E EAGLE WIFI6E｝/ATX/2.5G+無線/註四年/8+2+2相,4990,,2026-09-17 23:30:17
主機板 MB,AMD B650E & B650 / AM5腳位(DDR5),｛微星 MPG B650I EDGE WIFI｝Mini-ITX/2.5G+無線/註五年/8+2+1相,4990,,2026-09-17 23:30:17
主機板 MB,AMD B650E & B650 / AM5腳位(DDR5),｛微星 PRO B650M-B｝M-ATX/2.5G/註四年/2DIMM/6+2+1相,2690,,2026-09-17 23:30:17
主機板 MB,AMD B650E & B650 / AM5腳位(DDR5),｛微星 B650M BOMBER WIFI｝M-ATX/R2.5G+無線/註五年/2DIMM/6+2+1相,3690,,2026-09-17 23:30:17
主機板 MB,AMD B650E & B650 / AM5腳位(DDR5),｛微星 B650M GAMING WIFI｝M-ATX/R2.5G+無線/註五年/2DIMM/6+2+1相,3790,,2026-09-17 23:30:17
主機板 MB,AMD B650E & B650 / AM5腳位(DDR5),｛微星 B650M GAMING PLUS WIFI｝M-ATX/2.5G+無線/註五年/10+2+1相,4390,,2026-09-17 23:30:17
主機板 MB,AMD B650E & B650 / AM5腳位(DDR5),｛微星 PRO B650-S WIFI｝/ATX/LAN2.5G+AMD 無線/註五年)12+2+1相,4290,,2026-09-17 23:30:17
主機板 MB,AMD B650E & B650 / AM5腳位(DDR5),｛華擎 B650M-H/M.2+｝M-ATX/LAN 1G+無線/註四年/2DIMM/6+1+1相,2790,,2026-09-17 23:30:17
主機板 MB,AMD B650E & B650 / AM5腳位(DDR5),｛華擎 B650M PG Lightning WiFi｝M-ATX/2.5G+無線/註四年/6+2+1相,3690,,2026-09-17 23:30:17
主機板 MB,AMD B650E & B650 / AM5腳位(DDR5),｛華擎 B650M Pro X3D WIFI｝M-ATX/2.5G+無線/註五年/8+2+1相,4290,,2026-09-17 23:30:17
主機板 MB,AMD B840 / AM5腳位(DDR5),｛華碩 PRIME B840M-A-CSM｝M-ATX/2.5G/註四年保/8+2+1相,3390,,2026-09-17 23:30:17
主機板 MB,AMD B840 / AM5腳位(DDR5),任搭U｛華碩 PRIME B840M-A-CSM｝M-ATX/2.5G/註四年保/8+2+1相,2990,,2026-09-17 23:30:17
主機板 MB,AMD B840 / AM5腳位(DDR5),｛技嘉 B840M H｝M-ATX/LAN 1G/註四年/2DIMM/5+2+2相,3190,,2026-09-17 23:30:17
主機板 MB,AMD B840 / AM5腳位(DDR5),｛微星 PRO B840-P WIFI｝/ATX/2.5G+Wi-Fi7/註四年/7+2+1相,4590,,2026-09-17 23:30:17
主機板 MB,AMD B840 / AM5腳位(DDR5),｛微星 B840 GAMING PLUS WIFI｝/ATX/2.5G+Wi-Fi7/註五年/7+2+1相,4990,,2026-09-17 23:30:17
主機板 MB,AMD B840 / AM5腳位(DDR5),｛華擎 B840M-HVS｝M-ATX/LAN 1G/註四年保/2DIMM/4+1+1相,2690,,2026-09-17 23:30:17
主機板 MB,AMD B850 / AM5腳位(DDR5),｛華碩 ROG STRIX B850-I GAMING WIFI7 W｝ITX/2.5G+Wi-Fi7/註五年/白/10+2+1相,9990,,2026-09-17 23:30:17
主機板 MB,AMD B850 / AM5腳位(DDR5),｛華碩 PRIME B850M-K-CSM｝M-ATX/2.5G/註四年保/2DIMM/8+2+1相,3890,,2026-09-17 23:30:17
主機板 MB,AMD B850 / AM5腳位(DDR5),｛華碩 B850M AYW GAMING WIFI｝M-ATX/2.5G+無線/註五年/8+2+1相 *活動到9/30,4490,,2026-09-17 23:30:17
主機板 MB,AMD B850 / AM5腳位(DDR5),｛華碩 TUF GAMING B850M-PLUS II｝M-ATX/2.5G/註五年/14+2+1相 *活動到9/30,5490,,2026-09-17 23:30:17
主機板 MB,AMD B850 / AM5腳位(DDR5),｛華碩 TUF GAMING B850M-PLUS WIFI7｝M-ATX/2.5G+Wi-Fi7/註五年/14+2+1相,6990,,2026-09-17 23:30:17
主機板 MB,AMD B850 / AM5腳位(DDR5),｛華碩 TUF GAMING B850M-PLUS WIFI7 W｝M-ATX/2.5G+Wi-Fi7/14+2+1相/白,7090,,2026-09-17 23:30:17
主機板 MB,AMD B850 / AM5腳位(DDR5),｛華碩 B850 MAX GAMING WIFI W｝/ATX/2.5G+無線/註五年/銀白.獨家/8+2+1相,5490,,2026-09-17 23:30:17
主機板 MB,AMD B850 / AM5腳位(DDR5),｛華碩 TUF GAMING B850-PLUS WIFI｝/ATX/2.5G+Wi-Fi7/註五年/14+2+1相,7490,,2026-09-17 23:30:17
主機板 MB,AMD B850 / AM5腳位(DDR5),｛華碩 TUF GAMING B850-BTF WIFI W｝背插/ATX/2.5G+Wi-Fi7/註五年/14+2+1相/白,8290,,2026-09-17 23:30:17
主機板 MB,AMD B850 / AM5腳位(DDR5),｛華碩 TUF GAMING B850-PRO WIFI7 W NEO｝/ATX/2.5G+Wi-Fi7/白/14+2+1相,7990,,2026-09-17 23:30:17
主機板 MB,AMD B850 / AM5腳位(DDR5),｛華碩 ProArt B850-CREATOR WIFI NEO｝/ATX/雙5G+Wi-Fi7/註五年/14+2+1相,9490,,2026-09-17 23:30:17
主機板 MB,AMD B850 / AM5腳位(DDR5),｛華碩 ROG STRIX B850-G GAMING WIFI｝白 M-ATX/2.5G+Wi-Fi7/14+2+1相,6990,,2026-09-17 23:30:17
主機板 MB,AMD B850 / AM5腳位(DDR5),｛華碩 ROG STRIX B850-A GAMING WIFI7 S NEO｝吹雪/ATX/5G+Wi-Fi7/14+2+2相,8490,,2026-09-17 23:30:17
主機板 MB,AMD B850 / AM5腳位(DDR5),任搭U｛華碩 ROG STRIX B850-A GAMING WIFI7 S NEO｝吹雪/ATX/14+2+2相,7990,,2026-09-17 23:30:17
主機板 MB,AMD B850 / AM5腳位(DDR5),｛華碩 ROG STRIX B850-F GAMING WIFI7 NEO｝/ATX/5G+Wi-Fi7/註五年/16+2+2相,9990,,2026-09-17 23:30:17
主機板 MB,AMD B850 / AM5腳位(DDR5),【開學慶】9/30前 買技嘉 B850系列主板 加購 UD750GM PG5 V2金牌電源(原價3390),2390,,2026-09-17 23:30:17
主機板 MB,AMD B850 / AM5腳位(DDR5),｛技嘉 B850M DS3H ICE｝M-ATX/2.5G/4DIMM/雪白/註四年/8+2+2相,3690,,2026-09-17 23:30:17
主機板 MB,AMD B850 / AM5腳位(DDR5),｛技嘉 B850M FORCE WIFI6E V2｝M-ATX/2.5G+無線/註五年/8+2+2相,4990,,2026-09-17 23:30:17
主機板 MB,AMD B850 / AM5腳位(DDR5),｛技嘉 B850 EAGLE WIFI6E｝/ATX/1G+無線/註四年/8+2+2相,6490,,2026-09-17 23:30:17
主機板 MB,AMD B850 / AM5腳位(DDR5),｛技嘉 B850M GAMING X WIFI6E｝M-ATX/2.5G+無線/註五年/10+2+2相,6490,,2026-09-17 23:30:17
主機板 MB,AMD B850 / AM5腳位(DDR5),｛技嘉 B850 GAMING X WIFI6E｝/ATX/2.5G+無線/註五年/12+2+2相,7490,,2026-09-17 23:30:17
主機板 MB,AMD B850 / AM5腳位(DDR5),｛技嘉 B850M AORUS STEALTH ICE｝背插/M-ATX/5G+Wi-Fi7/註五年/8+2+2相/白,5990,,2026-09-17 23:30:17
主機板 MB,AMD B850 / AM5腳位(DDR5),｛技嘉 B850M AORUS ELITE WIFI6E ICE｝白 M-ATX/2.5G+無線/12+2+2相,6790,,2026-09-17 23:30:17
主機板 MB,AMD B850 / AM5腳位(DDR5),｛技嘉 B850M AORUS ELITE WIFI7 ICE-P｝雕妹 M-ATX/2.5G+Wi-Fi7/12+2+2相*獨家,6490,,2026-09-17 23:30:17
主機板 MB,AMD B850 / AM5腳位(DDR5),｛技嘉 B850 AORUS ELITE WIFI7｝/ATX/2.5G+Wi-Fi7/註五年/14+2+2相,7990,,2026-09-17 23:30:17
主機板 MB,AMD B850 / AM5腳位(DDR5),｛技嘉 B850 AORUS ELITE WIFI7 ICE｝冰魄白 ATX/2.5G+Wi-Fi7/註五年/14+2+2相,7990,,2026-09-17 23:30:17
主機板 MB,AMD B850 / AM5腳位(DDR5),｛技嘉 B850 AORUS STEALTH｝背插/ATX/5G+Wi-Fi7/註五年/14+2+2相,7990,,2026-09-17 23:30:17
主機板 MB,AMD B850 / AM5腳位(DDR5),｛技嘉 B850 AORUS STEALTH ICE｝背插/ATX/5G+Wi-Fi7/白/註五年/白/14+2+2相,8290,,2026-09-17 23:30:17
主機板 MB,AMD B850 / AM5腳位(DDR5),｛技嘉 B850 AORUS ELITE-P ICE｝雕妹 ATX/5G+Wi-Fi7/16+2+2相,8490,,2026-09-17 23:30:17
主機板 MB,AMD B850 / AM5腳位(DDR5),｛微星 MPG B850I EDGE TI WIFI｝Mini-ITX/5G+Wi-Fi7/註五年/8+2+1相,8990,,2026-09-17 23:30:17
主機板 MB,AMD B850 / AM5腳位(DDR5),｛微星 PRO B850M-G｝M-ATX/5G/註四年/2DIMM/7+2+1相,3790,,2026-09-17 23:30:17
主機板 MB,AMD B850 / AM5腳位(DDR5),｛微星 PRO B850M-P WIFI｝M-ATX/5G+Wi-Fi7/註四年/7+2+1相,4690,,2026-09-17 23:30:17
主機板 MB,AMD B850 / AM5腳位(DDR5),｛微星 PRO B850M-A WIFI｝M-ATX/5G+Wi-Fi7/註四年/8+2+1相,5390,,2026-09-17 23:30:17
主機板 MB,AMD B850 / AM5腳位(DDR5),｛微星 PRO B850M-A WIFI PZ｝背插/M-ATX/5G+Wi-Fi7/註四年/8+2+1相,5390,,2026-09-17 23:30:17
主機板 MB,AMD B850 / AM5腳位(DDR5),｛微星 B850M GAMING WIFI6E｝M-ATX/2.5G+無線/註五年/7+2+1相,4590,,2026-09-17 23:30:17
主機板 MB,AMD B850 / AM5腳位(DDR5),｛微星 B850M GAMING PLUS WIFI6E｝M-ATX/2.5G+無線/註五年/10+2+1相,5390,,2026-09-17 23:30:17
主機板 MB,AMD B850 / AM5腳位(DDR5),｛微星 B850M GAMING PLUS WIFI｝M-ATX/5G+Wi-Fi7/註五年/8+2+1相,5590,,2026-09-17 23:30:17
主機板 MB,AMD B850 / AM5腳位(DDR5),｛微星 MAG B850M MORTAR｝M-ATX/5G/註五年/12+2+1相 *送 AX210NGW WI-FI6E 網卡,6490,,2026-09-17 23:30:17
主機板 MB,AMD B850 / AM5腳位(DDR5),｛微星 MAG B850M MORTAR WIFI｝M-ATX/5G+Wi-Fi7/註五年/12+2+1相,6790,,2026-09-17 23:30:17
主機板 MB,AMD B850 / AM5腳位(DDR5),｛微星 B850MPOWER｝M-ATX/5G+Wi-Fi7/註五年/2DIMM/12+2+1相-超頻玩家設計,7690,,2026-09-17 23:30:17
主機板 MB,AMD B850 / AM5腳位(DDR5),｛微星 PRO B850-P WIFI｝/ATX/5G+Wi-Fi7/註四年/12+2+1相,5990,,2026-09-17 23:30:17
主機板 MB,AMD B850 / AM5腳位(DDR5),｛微星 B850 GAMING PLUS WIFI｝/ATX/5G+Wi-Fi7/註五年/12+2+1相,5990,,2026-09-17 23:30:17
主機板 MB,AMD B850 / AM5腳位(DDR5),｛微星 B850 GAMING PLUS WIFI PZ｝背插/ATX/5G+Wi-Fi7/註五年/12+2+1相/白,6490,,2026-09-17 23:30:17
主機板 MB,AMD B850 / AM5腳位(DDR5),｛微星 MPG B850 EDGE TI WIFI｝/ATX/5G+Wi-Fi7/雪白版/14+2+1相,8690,,2026-09-17 23:30:17
主機板 MB,AMD B850 / AM5腳位(DDR5),｛華擎 B850I LIGHTNING WIFI｝Mini-ITX/Killer2.5G+無線/註五年/10+1+1相,6990,,2026-09-17 23:30:17
主機板 MB,AMD B850 / AM5腳位(DDR5),｛華擎 B850M-X｝M-ATX/2.5G/註五年/2DIMM/6+1+1相,3590,,2026-09-17 23:30:17
主機板 MB,AMD B850 / AM5腳位(DDR5),｛華擎 B850M-X WIFI｝M-ATX/2.5G+無線/註五年/2DIMM/6+1+1相,3790,,2026-09-17 23:30:17
主機板 MB,AMD B850 / AM5腳位(DDR5),｛華擎 B850M Pro-A｝M-ATX/2.5G/註四年/8+2+1相,3990,,2026-09-17 23:30:17
主機板 MB,AMD B850 / AM5腳位(DDR5),｛華擎 B850M Pro-A WiFi｝M-ATX/2.5G+無線/註四年/8+2+1相,4190,,2026-09-17 23:30:17
主機板 MB,AMD B850 / AM5腳位(DDR5),｛華擎 B850M Pro RS｝M-ATX/2.5G/註五年/8+2+1相,4590,,2026-09-17 23:30:17
主機板 MB,AMD B850 / AM5腳位(DDR5),｛華擎 B850M Pro RS WiFi｝M-ATX/2.5G+無線/註五年/8+2+1相,4590,,2026-09-17 23:30:17
主機板 MB,AMD B850 / AM5腳位(DDR5),｛華擎 B850M Pro RS WiFi White｝M-ATX/2.5G+無線/註五年/8+2+1相/白,4990,,2026-09-17 23:30:17
主機板 MB,AMD B850 / AM5腳位(DDR5),｛華擎 B850M Challenger WiFi｝M-ATX/2.5G+Wi-Fi7/註五年/8+1+1相,4990,,2026-09-17 23:30:17
主機板 MB,AMD B850 / AM5腳位(DDR5),｛華擎 B850M Challenger WiFi White｝M-ATX/2.5G+Wi-Fi7/註五年/8+1+1相/白,4990,,2026-09-17 23:30:17
主機板 MB,AMD B850 / AM5腳位(DDR5),｛華擎 B850M Riptide WiFi｝M-ATX/2.5G+Wi-Fi7/註五年/12+2+1相,5690,,2026-09-17 23:30:17
主機板 MB,AMD B850 / AM5腳位(DDR5),｛華擎 B850 Rock WiFi 7｝/ATX/2.5G+Wi-Fi7/註五年/9+2+1相,4990,,2026-09-17 23:30:17
主機板 MB,AMD B850 / AM5腳位(DDR5),｛華擎 B850 Challenger WiFi｝/ATX/2.5G+Wi-Fi7/註五年/12+2+1相,5790,,2026-09-17 23:30:17
主機板 MB,AMD B850 / AM5腳位(DDR5),｛華擎 B850 Challenger WiFi White｝/ATX/2.5G+Wi-Fi7/註五年/12+2+1相/白,5790,,2026-09-17 23:30:17
主機板 MB,AMD B850 / AM5腳位(DDR5),｛華擎 B850 Pro-A｝/ATX/2.5G/註五年/14+2+1相,5990,,2026-09-17 23:30:17
主機板 MB,AMD B850 / AM5腳位(DDR5),｛華擎 B850 Pro RS｝/ATX/2.5G/註五年/14+2+1相,6490,,2026-09-17 23:30:17
主機板 MB,AMD X870E & X870 / AM5腳位(DDR5),｛華碩 ROG STRIX X870-I GAMING WIFI｝Mini-ITX/2.5G+Wi-Fi7/註五年/10+2+1相,13990,,2026-09-17 23:30:17
主機板 MB,AMD X870E & X870 / AM5腳位(DDR5),｛華碩 PRIME X870-P WIFI-CSM｝/ATX/2.5G+Wi-Fi7/註四年/14+2+1相,7590,,2026-09-17 23:30:17
主機板 MB,AMD X870E & X870 / AM5腳位(DDR5),｛華碩 X870 AYW GAMING WIFI W｝/ATX/2.5G+無線/註五年/12+2+1相/白 *9/30止,7490,,2026-09-17 23:30:17
主機板 MB,AMD X870E & X870 / AM5腳位(DDR5),｛華碩 X870 MAX GAMING WIFI7 W｝/ATX/2.5G+Wi-Fi7/註五年/12+2+1相/白,7990,,2026-09-17 23:30:17
主機板 MB,AMD X870E & X870 / AM5腳位(DDR5),｛華碩 TUF GAMING X870-PLUS WIFI｝/ATX/2.5G+Wi-Fi7/註五年/16+2+1相,9990,,2026-09-17 23:30:17
主機板 MB,AMD X870E & X870 / AM5腳位(DDR5),｛華碩 TUF GAMING X870-PRO WIFI7 W NEO｝/ATX/5G+Wi-Fi7/16+2+1相/白,10490,,2026-09-17 23:30:17
主機板 MB,AMD X870E & X870 / AM5腳位(DDR5),｛華碩 ProArt X870E-CREATOR WIFI｝/ATX/10G+2.5G+Wi-Fi7/16+2+2相,17990,,2026-09-17 23:30:17
主機板 MB,AMD X870E & X870 / AM5腳位(DDR5),｛華碩 ROG STRIX X870E-A GAMING WIFI7 NEO｝/ATX/5G+Wi-Fi7/註五年/白/16+2+2相,14990,,2026-09-17 23:30:17
主機板 MB,AMD X870E & X870 / AM5腳位(DDR5),｛華碩 ROG STRIX X870E-E GAMING WIFI｝/ATX/5G+Wi-Fi7/註五年/18+2+2相,16990,,2026-09-17 23:30:17
主機板 MB,AMD X870E & X870 / AM5腳位(DDR5),｛華碩 ROG STRIX X870E-E GAMING WIFI7 NEO｝/ATX/5G+Wi-Fi7/註五年/18+2+2相,18990,,2026-09-17 23:30:17
主機板 MB,AMD X870E & X870 / AM5腳位(DDR5),｛華碩 ROG CROSSHAIR X870E HERO｝/ATX/5G+2.5G+Wi-Fi7/18+2+2相,20990,,2026-09-17 23:30:17
主機板 MB,AMD X870E & X870 / AM5腳位(DDR5),｛華碩 ROG CROSSHAIR X870E HERO BTF｝背插/ATX/5G+2.5G+Wi-Fi7/18+2+2相,20990,,2026-09-17 23:30:17
主機板 MB,AMD X870E & X870 / AM5腳位(DDR5),｛華碩 ROG CROSSHAIR X870E DARK HERO｝/ATX/10G+5G+Wi-Fi7/20+2+2相,23000,,2026-09-17 23:30:17
主機板 MB,AMD X870E & X870 / AM5腳位(DDR5),｛華碩 ROG CROSSHAIR X870E APEX｝/ATX/5G+Wi-Fi7/註五年/2DIMM/18+2+2相,23990,,2026-09-17 23:30:17
主機板 MB,AMD X870E & X870 / AM5腳位(DDR5),｛華碩 ROG CROSSHAIR X870E EXTREME｝E-ATX/5G+10G+Wi-Fi7/20+2+2相,36990,,2026-09-17 23:30:17
主機板 MB,AMD X870E & X870 / AM5腳位(DDR5),【開學慶】9/30前 買技嘉 X870系列主板 加購 UD850GM PG5 V2金牌電源(原價3890),2390,,2026-09-17 23:30:17
主機板 MB,AMD X870E & X870 / AM5腳位(DDR5),｛技嘉 X870 EAGLE WIFI7｝/ATX/2.5G+Wi-Fi7/註四年/14+2+2相,7490,,2026-09-17 23:30:17
主機板 MB,AMD X870E & X870 / AM5腳位(DDR5),｛技嘉 X870 GAMING X WIFI7｝/ATX/2.5G+Wi-Fi7/註五年/16+2+2相,9490,,2026-09-17 23:30:17
主機板 MB,AMD X870E & X870 / AM5腳位(DDR5),｛技嘉 X870I AORUS PRO ICE｝Mini-ITX/2.5G+Wi-Fi7/8+2+1相,9990,,2026-09-17 23:30:17
主機板 MB,AMD X870E & X870 / AM5腳位(DDR5),｛技嘉 X870 AORUS ELITE WIFI7｝/ATX/2.5G+Wi-Fi7/16+2+2相,10890,,2026-09-17 23:30:17
主機板 MB,AMD X870E & X870 / AM5腳位(DDR5),｛技嘉 X870 AORUS ELITE WIFI7 ICE｝/ATX/2.5G+Wi-Fi 7/獨家-冰魄白/16+2+2相,10890,,2026-09-17 23:30:17
主機板 MB,AMD X870E & X870 / AM5腳位(DDR5),｛技嘉 X870 AORUS STEALTH｝背插/ATX/5G+Wi-Fi7/註五年/16+2+2相,11490,,2026-09-17 23:30:17
主機板 MB,AMD X870E & X870 / AM5腳位(DDR5),｛技嘉 X870 AORUS STEALTH ICE｝背插/ATX/5G+Wi-Fi7/註五年/16+2+2相,11490,,2026-09-17 23:30:17
主機板 MB,AMD X870E & X870 / AM5腳位(DDR5),"【開學慶】9/1~9/30 買技嘉 X870""E"" 系列主板 送 EAGLE 360水冷(黑or白)(市價2490)",1,,2026-09-17 23:30:17
主機板 MB,AMD X870E & X870 / AM5腳位(DDR5),｛技嘉 X870E AORUS PRO｝/ATX/2.5G+Wi-Fi7/註五年/16+2+2相,11990,,2026-09-17 23:30:17
主機板 MB,AMD X870E & X870 / AM5腳位(DDR5),｛技嘉 X870E AORUS PRO ICE｝冰魄白/ATX/2.5G+Wi-Fi7/註五年/16+2+2相 *尾盤,12990,,2026-09-17 23:30:17
主機板 MB,AMD X870E & X870 / AM5腳位(DDR5),｛技嘉 X870E AERO X3D WOOD｝木質美學/ATX/雙5G+Wi-Fi7/註五年/16+2+2相/白,13990,,2026-09-17 23:30:17
主機板 MB,AMD X870E & X870 / AM5腳位(DDR5),｛技嘉 X870E AERO X3D DARK WOOD｝木質美學/ATX/雙5G+Wi-Fi7/註五年/16+2+2相,13990,,2026-09-17 23:30:17
主機板 MB,AMD X870E & X870 / AM5腳位(DDR5),｛技嘉 X870E AORUS PRO X3D ICE｝冰魄白/ATX/5G+Wi-Fi7/註五年/18+2+2相,13990,,2026-09-17 23:30:17
主機板 MB,AMD X870E & X870 / AM5腳位(DDR5),｛技嘉 X870E AORUS MASTER｝/ATX/5G+Wi-Fi7/註五年/16+2+2相,19490,,2026-09-17 23:30:17
主機板 MB,AMD X870E & X870 / AM5腳位(DDR5),｛技嘉 X870E AORUS MASTER X3D ICE｝/ATX/5G+10G+Wi-Fi7/18+2+2相(X3D優化),20990,,2026-09-17 23:30:17
主機板 MB,AMD X870E & X870 / AM5腳位(DDR5),｛技嘉 X870E AORUS XTREME X3D AI TOP｝E-ATX/雙10G+Wi-Fi7/24+2+2相,34990,,2026-09-17 23:30:17
主機板 MB,AMD X870E & X870 / AM5腳位(DDR5),｛技嘉 X870 AORUS TACHYON ICE｝E-ATX/5G+Wi-Fi7/註五年/18+2+2相,19990,,2026-09-17 23:30:17
主機板 MB,AMD X870E & X870 / AM5腳位(DDR5),｛技嘉 X870 AORUS INFINITY｝E-ATX/5G+Wi-Fi7/註五年/18+2+2相,24990,,2026-09-17 23:30:17
主機板 MB,AMD X870E & X870 / AM5腳位(DDR5),｛微星 MPG X870I EDGE TI EVO WIFI｝Mini-ITX/5G+Wi-Fi7/註五年/8+2+1相,12990,,2026-09-17 23:30:17
主機板 MB,AMD X870E & X870 / AM5腳位(DDR5),｛微星 PRO X870-P WIFI｝/ATX/5G+Wi-Fi7/註四年/14+2+1相 *尾盤,7590,,2026-09-17 23:30:17
主機板 MB,AMD X870E & X870 / AM5腳位(DDR5),｛微星 PRO X870E-S EVO WIFI｝/ATX/5G+Wi-Fi7/註四年/12+2+1相,8190,,2026-09-17 23:30:17
主機板 MB,AMD X870E & X870 / AM5腳位(DDR5),｛微星 PRO X870E-P WIFI｝/ATX/5G+Wi-Fi7/註四年/14+2+1相,8690,,2026-09-17 23:30:17
主機板 MB,AMD X870E & X870 / AM5腳位(DDR5),｛微星 X870 GAMING PLUS WIFI｝/ATX/5G+Wi-Fi7/註五年/14+2+1相,8690,,2026-09-17 23:30:17
主機板 MB,AMD X870E & X870 / AM5腳位(DDR5),｛微星 MAG X870E GAMING MAX WIFI｝/ATX/5G+Wi-Fi7/註五年/12+2+1相,9290,,2026-09-17 23:30:17
主機板 MB,AMD X870E & X870 / AM5腳位(DDR5),｛微星 X870E GAMING PLUS WIFI｝/ATX/5G+Wi-Fi7/註五年/14+2+1相,9290,,2026-09-17 23:30:17
主機板 MB,AMD X870E & X870 / AM5腳位(DDR5),｛微星 MAG X870E TOMAHAWK WIFI｝/ATX/5G+Wi-Fi7/14+2+1相,11990,,2026-09-17 23:30:17
主機板 MB,AMD X870E & X870 / AM5腳位(DDR5),｛微星 MAG X870E TOMAHAWK MAX WIFI PZ｝背插/ATX/5G+Wi-Fi7/14+2+1相,12490,,2026-09-17 23:30:17
主機板 MB,AMD X870E & X870 / AM5腳位(DDR5),｛微星 MPG X870E EDGE TI WIFI｝/ATX/5G+Wi-Fi7/註五年/14+2+1相銀白,12490,,2026-09-17 23:30:17
主機板 MB,AMD X870E & X870 / AM5腳位(DDR5),｛微星 MPG X870E CARBON WIFI｝/ATX/5G+2.5G+Wi-Fi7/18+2+1相,15490,,2026-09-17 23:30:17
主機板 MB,AMD X870E & X870 / AM5腳位(DDR5),｛微星 MPG X870E CARBON MAX WIFI｝/ATX/5G+2.5G+Wi-Fi7/18+2+1相,16490,,2026-09-17 23:30:17
主機板 MB,AMD X870E & X870 / AM5腳位(DDR5),｛微星 MEG X870E UNIFY-X MAX｝/ATX/5G+Wi-Fi7/註五年/18+2+1相,19990,,2026-09-17 23:30:17
主機板 MB,AMD X870E & X870 / AM5腳位(DDR5),｛微星 MEG X870E ACE MAX｝/ATX/10G+5G+Wi-Fi7/註五年/18+2+1相,20990,,2026-09-17 23:30:17
主機板 MB,AMD X870E & X870 / AM5腳位(DDR5),｛微星 MEG X870E GODLIKE MAX｝E-ATX/10G+5G+Wi-Fi7/註五年/24+2+1相,36990,,2026-09-17 23:30:17
主機板 MB,AMD X870E & X870 / AM5腳位(DDR5),｛華擎 X870 Pro RS｝/ATX/Dragon 2.5G/註五年/14+2+1相 *送拉鍊收納包,5790,,2026-09-17 23:30:17
主機板 MB,AMD X870E & X870 / AM5腳位(DDR5),｛華擎 X870 Pro RS WiFi｝/ATX/Dragon 2.5G+Wi-Fi7/註五年/14+2+1相*送拉鍊收納包,5990,,2026-09-17 23:30:17
主機板 MB,AMD X870E & X870 / AM5腳位(DDR5),｛華擎 X870 Steel Legend WiFi｝/ATX/2.5G+Wi-Fi7/註五年/14+2+1相*送拉鍊收納包,6990,,2026-09-17 23:30:17
主機板 MB,AMD X870E & X870 / AM5腳位(DDR5),｛華擎 X870 Challenger WiFi White｝白/ATX/2.5G+Wi-Fi7/註五年/16+2+1相*送收納包,7190,,2026-09-17 23:30:17
主機板 MB,AMD X870E & X870 / AM5腳位(DDR5),｛華擎 X870E Challenger WiFi White｝白/ATX/5G+Wi-Fi7/註五年/20+2+1相*送收納包,9490,,2026-09-17 23:30:17
主機板 MB,AMD X870E & X870 / AM5腳位(DDR5),｛華擎 X870 Nova WiFi｝/ATX/5G+Wi-Fi7/註五年/20+2+1相*送拉鍊收納包,9990,,2026-09-17 23:30:17
主機板 MB,AMD X870E & X870 / AM5腳位(DDR5),｛華擎 X870 Taichi Creator｝/ATX/10G+5G+Wi-Fi7/註五年/18+2+1相 *送拉鍊收納包,11990,,2026-09-17 23:30:17
主機板 MB,AMD X870E & X870 / AM5腳位(DDR5),｛華擎 X870E Taichi｝EATX/5G+Wi-Fi7/註五年/24+2+1相 *送拉鍊收納包,14990,,2026-09-17 23:30:17
主機板 MB,AMD X870E & X870 / AM5腳位(DDR5),｛華擎 X870E Taichi OCF｝/ATX/5G+Wi-Fi7/註五年/22+2+1相 *送拉鍊收納包,18990,,2026-09-17 23:30:17
主機板 MB,AMD B850 工作站級 (AM5腳位/DDR5),｛華碩 PRO WS B850M-ACE SE｝M-ATX/Realtek10G+2.5G/註四年/8+2+1相,13990,,2026-09-17 23:30:17
主機板 MB,AMD B850 工作站級 (AM5腳位/DDR5),｛技嘉 B850 AI TOP｝/ATX/2*10GE+Wi-Fi7/註五年/16+2+2相,12990,,2026-09-17 23:30:17
主機板 MB,AMD TRX50 / Socket sTR5,｛華碩 PRO WS TRX50-SAGE WIFI A｝CEB/10G+2.5G+Wi-Fi7/註四年,28900,,2026-09-17 23:30:17
主機板 MB,AMD TRX50 / Socket sTR5,｛華碩 PRO WS TRX50-SAGE WIFI｝CEB/10G+2.5G+Wi-Fi7/註四年 36相,31990,,2026-09-17 23:30:17
主機板 MB,AMD TRX50 / Socket sTR5,｛技嘉 TRX50 AI TOP-2B｝E-ATX/雙10G+Wi-Fi7/註五年/16+8+4相,29990,,2026-09-17 23:30:17
主機板 MB,AMD TRX50 / Socket sTR5,｛華擎 TRX50 WS｝E-ATX/10G+2.5G+無線/註五年/18+3+3 電源相,22990,,2026-09-17 23:30:17
主機板 MB,AMD WRX90 / Socket sTR5,｛華碩 PRO WS WRX90E-SAGE SE｝EEB/2*Intel 10G+LAN 1G/註四年/8DIMM,44990,,2026-09-17 23:30:17
主機板 MB,AMD WRX90 / Socket sTR5,｛華擎 WRX90 WS EVO｝EEB/2*Intel 10G/註五年/8DIMM/18+3+3 電源相,38990,,2026-09-17 23:30:17
記憶體 RAM,桌上型記憶體 DDR5 單條,｛UMAX 單條32GB DDR5-4800｝/CL40,13500,,2026-09-17 23:30:17
記憶體 RAM,桌上型記憶體 DDR5 單條,｛UMAX 單條8GB DDR5-5600｝/CL46,3990,,2026-09-17 23:30:17
記憶體 RAM,桌上型記憶體 DDR5 單條,｛UMAX 單條16GB DDR5-5600｝/CL46,7300,,2026-09-17 23:30:17
記憶體 RAM,桌上型記憶體 DDR5 單條,｛UMAX 單條32GB DDR5-5600｝/CL46,14500,,2026-09-17 23:30:17
記憶體 RAM,桌上型記憶體 DDR5 單條,威剛 單條8GB DDR5-5600/CL46｛AD5U56008G-S｝,4199,,2026-09-17 23:30:17
記憶體 RAM,桌上型記憶體 DDR5 單條,威剛 單條16GB DDR5-4000/CL32｛AD5U400016G-S｝,5999,,2026-09-17 23:30:17
記憶體 RAM,桌上型記憶體 DDR5 單條,威剛 單條16GB DDR5-4800/CL40｛AD5U480016G-S｝,6999,,2026-09-17 23:30:17
記憶體 RAM,桌上型記憶體 DDR5 單條,威剛 單條16GB DDR5-5600/CL46｛AD5U560016G-S｝,7999,,2026-09-17 23:30:17
記憶體 RAM,桌上型記憶體 DDR5 單條,威剛 單條16GB DDR5-5600/CL36 Lance 黑｛AX5U5600C3616G-CLABK｝少量,8199,,2026-09-17 23:30:17
記憶體 RAM,桌上型記憶體 DDR5 單條,威剛 單條16GB DDR5-5600/CL46 LancerBlade矮 黑｛AX5U5600C4616G-SLABBK｝,8199,,2026-09-17 23:30:17
記憶體 RAM,桌上型記憶體 DDR5 單條,威剛 單條16GB DDR5-6000/CL48 LancerBlade矮 黑｛AX5U6000C4816G-SLABBK｝,8399,,2026-09-17 23:30:17
記憶體 RAM,桌上型記憶體 DDR5 單條,威剛 單條32GB DDR5-5600/CL46｛AD5U560032G-S｝,14999,,2026-09-17 23:30:17
記憶體 RAM,桌上型記憶體 DDR5 單條,｛金士頓 單條16GB DDR5-5600｝/CL46,7999,,2026-09-17 23:30:17
記憶體 RAM,桌上型記憶體 DDR5 單條,｛金士頓 單條32GB DDR5-5600｝/CL46,15500,,2026-09-17 23:30:17
記憶體 RAM,桌上型記憶體 DDR5 單條,｛金士頓 單條8GB DDR5-5600｝(CL36) FURY Beast (獸獵者),4990,,2026-09-17 23:30:17
記憶體 RAM,桌上型記憶體 DDR5 單條,｛金士頓 單條16GB DDR5-5600｝(CL36) FURY Beast (獸獵者),8300,,2026-09-17 23:30:17
記憶體 RAM,桌上型記憶體 DDR5 單條,｛金士頓 單條16GB DDR5-6000｝(CL30) FURY Beast Black (獸獵者),9300,,2026-09-17 23:30:17
記憶體 RAM,桌上型記憶體 DDR5 單條,｛KLEVV(科賦) 單條16GB DDR5-5600｝/CL46,6250,,2026-09-17 23:30:17
記憶體 RAM,桌上型記憶體 DDR5 單條,｛美光 Micron Crucial 單條32GB DDR5 5600｝/CL46 (原生顆粒),13999,,2026-09-17 23:30:17
記憶體 RAM,桌上型記憶體 DDR5 單條,｛T-CREATE EXPERT 引領者 24G DDR5-6000｝/CL28 黑,9999,,2026-09-17 23:30:17
記憶體 RAM,桌上型記憶體 DDR5 單條,｛T-CREATE EXPERT 引領者 24G DDR5-6000｝/CL28 白,9999,,2026-09-17 23:30:17
記憶體 RAM,桌上型記憶體 DDR5 雙通道,｛UMAX 16GB(雙通8GB*2) DDR5 4800｝/CL40 含散熱片,8200,,2026-09-17 23:30:17
記憶體 RAM,桌上型記憶體 DDR5 雙通道,｛UMAX 32GB(雙通16GB*2) DDR5 4800｝/CL40 含散熱片,14500,,2026-09-17 23:30:17
記憶體 RAM,桌上型記憶體 DDR5 雙通道,｛UMAX 16GB(雙通8GB*2) DDR5 5600｝/CL46 含散熱片,8200,,2026-09-17 23:30:17
記憶體 RAM,桌上型記憶體 DDR5 雙通道,｛UMAX 32GB(雙通16GB*2) DDR5 5600｝/CL46 含散熱片,14500,,2026-09-17 23:30:17
記憶體 RAM,桌上型記憶體 DDR5 雙通道,｛UMAX 64GB(雙通32GB*2) DDR5 6000｝/CL30 含散熱片,29999,,2026-09-17 23:30:17
記憶體 RAM,桌上型記憶體 DDR5 雙通道,威剛 32G(雙通16G*2)D5-5600/CL46 LancerBlade矮 黑｛AX5U5600C4616G-DTLABBK｝,16399,,2026-09-17 23:30:17
記憶體 RAM,桌上型記憶體 DDR5 雙通道,威剛 32G(雙通16G*2)D5-5600/CL46 LancerBlade矮 白｛AX5U5600C4616G-DTLABWH｝,16399,,2026-09-17 23:30:17
記憶體 RAM,桌上型記憶體 DDR5 雙通道,威剛 32G(雙通16G*2)D5-6000/CL48 LancerBlade矮 黑｛AX5U6000C4816G-DTLABBK｝,17299,,2026-09-17 23:30:17
記憶體 RAM,桌上型記憶體 DDR5 雙通道,威剛 32G(雙通16G*2)D5-6000/CL48 LancerBlade矮 白｛AX5U6000C4816G-DTLABWH｝,17299,,2026-09-17 23:30:17
記憶體 RAM,桌上型記憶體 DDR5 雙通道,威剛 32G(雙通16G*2)D5-6000/CL36 LancerBlade矮 黑｛AX5U6000C3616G-DTLABBK｝,17799,,2026-09-17 23:30:17
記憶體 RAM,桌上型記憶體 DDR5 雙通道,威剛 32G(雙通16G*2)D5-6000/CL36 LancerBlade矮 黑｛AX5U6000C3616G-DTLABBK｝~組裝價~,15999,,2026-09-17 23:30:17
記憶體 RAM,桌上型記憶體 DDR5 雙通道,威剛 32G(雙通16G*2)D5-6000/CL36 LancerBlade矮 白｛AX5U6000C3616G-DTLABWH｝,17799,,2026-09-17 23:30:17
記憶體 RAM,桌上型記憶體 DDR5 雙通道,威剛 32G(雙通16G*2)D5-6000/CL30 LancerBlade矮 黑｛AX5U6000C3016G-DTLABBK｝,18799,,2026-09-17 23:30:17
記憶體 RAM,桌上型記憶體 DDR5 雙通道,威剛 32G(雙通16G*2)D5-6000/CL30 LancerBlade矮 白｛AX5U6000C3016G-DTLABWH｝,18799,,2026-09-17 23:30:17
記憶體 RAM,桌上型記憶體 DDR5 雙通道,威剛 32G(雙通16G*2)D5-6000/CL28 LancerBlade矮 白｛AX5U6000C2816G-DTLABWH｝少量,15799,,2026-09-17 23:30:17
記憶體 RAM,桌上型記憶體 DDR5 雙通道,威剛 32G(雙通16G*2)D5-6000/CL36 LancerBlade矮RGB黑｛AX5U6000C3616G-DTLABRBK｝,18099,,2026-09-17 23:30:17
記憶體 RAM,桌上型記憶體 DDR5 雙通道,威剛 32G(雙通16G*2)D5-6000/CL36 LancerBlade矮RGB白｛AX5U6000C3616G-DTLABRWH｝,18099,,2026-09-17 23:30:17
記憶體 RAM,桌上型記憶體 DDR5 雙通道,威剛 32G(雙通16G*2)D5-6000/CL30 LancerBlade矮RGB黑｛AX5U6000C3016G-DTLABRBK｝,19099,,2026-09-17 23:30:17
記憶體 RAM,桌上型記憶體 DDR5 雙通道,威剛 32G(雙通16G*2)D5-6000/CL30 LancerBlade矮RGB白｛AX5U6000C3016G-DTLABRWH｝,19099,,2026-09-17 23:30:17
記憶體 RAM,桌上型記憶體 DDR5 雙通道,威剛 32G(雙通16G*2)D5-6000/CL30 Lancer白｛AX5U6000C3016G-DCLAWH｝,19099,,2026-09-17 23:30:17
記憶體 RAM,桌上型記憶體 DDR5 雙通道,威剛 32G(雙通16G*2)D5-6000/CL30 Lancer白｛AX5U6000C3016G-DCLAWH｝~組裝價,15299,,2026-09-17 23:30:17
記憶體 RAM,桌上型記憶體 DDR5 雙通道,威剛 32G(雙通16G*2)D5-6000/CL30 Lancer RGB黑｛AX5U6000C3016G-DCLARBK｝,19399,,2026-09-17 23:30:17
記憶體 RAM,桌上型記憶體 DDR5 雙通道,威剛 32G(雙通16G*2)D5-6000/CL30 Lancer RGB白｛AX5U6000C3016G-DCLARWH｝,19399,,2026-09-17 23:30:17
記憶體 RAM,桌上型記憶體 DDR5 雙通道,威剛 32G(雙通16G*2)D5-6000/CL28 Lancer RGB黑｛AX5U6000C2816G-DCLARBK｝,17499,,2026-09-17 23:30:17
記憶體 RAM,桌上型記憶體 DDR5 雙通道,威剛 32G(雙通16G*2)D5-6400/CL32 LancerBlade矮 黑｛AX5U6400C3216G-DTLABBK｝,16999,,2026-09-17 23:30:17
記憶體 RAM,桌上型記憶體 DDR5 雙通道,威剛 64G(雙通32G*2)D5-5600/CL46 LancerBlade矮 黑｛AX5U5600C4632G-DTLABBK｝,31999,,2026-09-17 23:30:17
記憶體 RAM,桌上型記憶體 DDR5 雙通道,威剛 64G(雙通32G*2)D5-6000/CL30 LancerBlade矮 黑｛AX5U6000C3032G-DTLABBK｝,37599,,2026-09-17 23:30:17
記憶體 RAM,桌上型記憶體 DDR5 雙通道,威剛 64G(雙通32G*2)D5-6000/CL30 LancerBlade矮 白｛AX5U6000C3032G-DTLABWH｝,37599,,2026-09-17 23:30:17
記憶體 RAM,桌上型記憶體 DDR5 雙通道,威剛 64G(雙通32G*2)D5-6000/CL30 LancerBlade矮RGB黑｛AX5U6000C3032G-DTLABRBK｝,38199,,2026-09-17 23:30:17
記憶體 RAM,桌上型記憶體 DDR5 雙通道,威剛 64G(雙通32G*2)D5-6000/CL30 LancerBlade矮RGB白｛AX5U6000C3032G-DTLABRWH｝,38199,,2026-09-17 23:30:17
記憶體 RAM,桌上型記憶體 DDR5 雙通道,威剛 64G(雙通32G*2)D5-6000/CL30 Lancer黑｛AX5U6000C3032G-DCLABK｝,38199,,2026-09-17 23:30:17
記憶體 RAM,桌上型記憶體 DDR5 雙通道,威剛 64G(雙通32G*2)D5-6000/CL30 Lancer白｛AX5U6000C3032G-DCLAWH｝,38199,,2026-09-17 23:30:17
記憶體 RAM,桌上型記憶體 DDR5 雙通道,威剛 64G(雙通32G*2)D5-6000/CL30 Lancer RGB黑｛AX5U6000C3032G-DCLARBK｝,38799,,2026-09-17 23:30:17
記憶體 RAM,桌上型記憶體 DDR5 雙通道,威剛 64G(雙通32G*2)D5-6000/CL30 Lancer RGB白｛AX5U6000C3032G-DCLARWH｝,38799,,2026-09-17 23:30:17
記憶體 RAM,桌上型記憶體 DDR5 雙通道,｛Biwin 佰維 Black Opal HX100 48GB(雙通24GBx2) DDR5-6000｝CL28 黑,21490,,2026-09-17 23:30:17
記憶體 RAM,桌上型記憶體 DDR5 雙通道,｛Biwin 佰維 Black Opal DW100 RGB 32GB(雙通16GBx2) DDR5-6000｝CL28 黑,15990,,2026-09-17 23:30:17
記憶體 RAM,桌上型記憶體 DDR5 雙通道,｛Biwin 佰維 Black Opal DW100 RGB 48GB(雙通24GBx2) DDR5-6000｝CL28 黑,21890,,2026-09-17 23:30:17
記憶體 RAM,桌上型記憶體 DDR5 雙通道,｛Biwin 佰維 Black Opal DW100 RGB 48GB(雙通24GBx2) DDR5-6000｝CL28 白,21800,,2026-09-17 23:30:17
記憶體 RAM,桌上型記憶體 DDR5 雙通道,｛Origin code Vortex RGB 32GB(雙通16GBx2) DDR5-6200｝(CL26)銀(獨立風扇),18690,,2026-09-17 23:30:17
記憶體 RAM,桌上型記憶體 DDR5 雙通道,｛Origin code Vortex RGB 48GB(雙通24GBx2) DDR5-6000｝(CL26)銀(獨立風扇),28490,,2026-09-17 23:30:17
記憶體 RAM,桌上型記憶體 DDR5 雙通道,｛KLEVV(科賦)32GB(雙通道16GB*2)DDR5 6000/CL30 CRAS V RGB｝曜石黑,15888,,2026-09-17 23:30:17
記憶體 RAM,桌上型記憶體 DDR5 雙通道,｛KLEVV(科賦)32GB(雙通道16GB*2)DDR5 6000/CL30 CRAS V RGB｝晶燦白,15888,,2026-09-17 23:30:17
記憶體 RAM,桌上型記憶體 DDR5 雙通道,｛KLEVV(科賦)64GB(雙通道32GB*2)DDR5 6000/CL30 CRAS V RGB｝曜石黑,27950,,2026-09-17 23:30:17
記憶體 RAM,桌上型記憶體 DDR5 雙通道,｛KLEVV(科賦)64GB(雙通道32GB*2)DDR5 6000/CL30 CRAS V RGB｝晶燦白,27950,,2026-09-17 23:30:17
記憶體 RAM,桌上型記憶體 DDR5 雙通道,｛KLEVV(科賦)32GB(雙通道16GB*2) DDR5 6400/CL32 CRAS V RGB｝曜石黑,16088,,2026-09-17 23:30:17
記憶體 RAM,桌上型記憶體 DDR5 雙通道,｛KLEVV(科賦)32GB(雙通道16GB*2) DDR5 6400/CL32 CRAS V RGB｝晶燦白,16088,,2026-09-17 23:30:17
記憶體 RAM,桌上型記憶體 DDR5 雙通道,｛KLEVV(科賦)64GB(雙通道32GB*2) DDR5 6400/CL32 CRAS V RGB｝曜石黑,28300,,2026-09-17 23:30:17
記憶體 RAM,桌上型記憶體 DDR5 雙通道,｛KLEVV(科賦)64GB(雙通道32GB*2) DDR5 6400/CL32 CRAS V RGB｝晶燦白,28300,,2026-09-17 23:30:17
記憶體 RAM,桌上型記憶體 DDR5 雙通道,｛KLEVV(科賦)32GB(雙通16GB*2) DDR5 6000/CL30 URBANE V RGB｝(低矮散熱),15088,,2026-09-17 23:30:17
記憶體 RAM,桌上型記憶體 DDR5 雙通道,｛KLEVV(科賦)32GB(雙通16GB*2) DDR5 6000/CL28 URBANE V RGB｝(低矮散熱),15488,,2026-09-17 23:30:17
記憶體 RAM,桌上型記憶體 DDR5 雙通道,｛KLEVV(科賦)32GB(雙通16GB*2) DDR5 6400/CL32 URBANE V RGB｝(低矮散熱),15688,,2026-09-17 23:30:17
記憶體 RAM,桌上型記憶體 DDR5 雙通道,｛KLEVV(科賦)48GB(雙通24GB*2) DDR5 6000/CL30 URBANE V RGB｝(低矮散熱),20588,,2026-09-17 23:30:17
記憶體 RAM,桌上型記憶體 DDR5 雙通道,｛KLEVV(科賦)48GB(雙通24GB*2) DDR5 6400/CL32 URBANE V RGB｝(低矮散熱),21688,,2026-09-17 23:30:17
記憶體 RAM,桌上型記憶體 DDR5 雙通道,｛金士頓 32GB(雙通16GB*2) DDR5-5600/CL36 FURY Beast｝黑,16000,,2026-09-17 23:30:17
記憶體 RAM,桌上型記憶體 DDR5 雙通道,｛金士頓 32GB(雙通16GB*2) DDR5-5600/CL36 FURY Beast｝白,16000,,2026-09-17 23:30:17
記憶體 RAM,桌上型記憶體 DDR5 雙通道,｛金士頓 32GB(雙通16GB*2) DDR5-5600/CL36 FURY Beast RGB｝黑,16200,,2026-09-17 23:30:17
記憶體 RAM,桌上型記憶體 DDR5 雙通道,｛金士頓 32GB(雙通16GB*2) DDR5-6000/CL30 FURY Beast｝黑 (獸獵者),17500,,2026-09-17 23:30:17
記憶體 RAM,桌上型記憶體 DDR5 雙通道,｛金士頓 32GB(雙通16GB*2) DDR5-6000/CL30 FURY Beast｝白 (獸獵者),17500,,2026-09-17 23:30:17
記憶體 RAM,桌上型記憶體 DDR5 雙通道,｛金士頓 64GB(雙通32GB*2) DDR5-5600/CL36 FURY Beast｝黑 (獸獵者),30600,,2026-09-17 23:30:17
記憶體 RAM,桌上型記憶體 DDR5 雙通道,｛金士頓 64GB(雙通32GB*2) DDR5-5600/CL36 FURY Beast｝白 (獸獵者),30600,,2026-09-17 23:30:17
記憶體 RAM,桌上型記憶體 DDR5 雙通道,｛金士頓 64GB(雙通32GB*2) DDR5-6000/CL30 FURY Beast｝黑 (獸獵者),35400,,2026-09-17 23:30:17
記憶體 RAM,桌上型記憶體 DDR5 雙通道,｛金士頓 64GB(雙通32GB*2) DDR5-6000/CL30 FURY Beast｝白 (獸獵者),35400,,2026-09-17 23:30:17
記憶體 RAM,桌上型記憶體 DDR5 雙通道,美光｛Micron Crucial 64GB(雙通32GB*2) DDR5 5600｝/CL46(原生顆粒),27999,,2026-09-17 23:30:17
記憶體 RAM,桌上型記憶體 DDR5 雙通道,美光｛Micron Crucial PRO 超頻 32GB(雙通16GB*2) DDR5 6000｝/CL36 黑色散熱片,14599,,2026-09-17 23:30:17
記憶體 RAM,桌上型記憶體 DDR5 雙通道,美光｛Micron Crucial PRO 超頻 64GB(雙通32GB*2) DDR5 6000｝/CL40 白色散熱片,29199,,2026-09-17 23:30:17
記憶體 RAM,桌上型記憶體 DDR5 雙通道,美光｛Micron Crucial PRO 超頻 32GB(雙通16GB*2) DDR5 6400｝/CL38 黑色散熱片,14999,,2026-09-17 23:30:17
記憶體 RAM,桌上型記憶體 DDR5 雙通道,美光｛Micron Crucial PRO 超頻 32GB(雙通16GB*2) DDR5 6400｝/CL38 白色散熱片,14999,,2026-09-17 23:30:17
記憶體 RAM,桌上型記憶體 DDR5 雙通道,美光｛Micron Crucial PRO 超頻 64GB(雙通32GB*2) DDR5 6400｝/CL40 黑色散熱片,29999,,2026-09-17 23:30:17
記憶體 RAM,桌上型記憶體 DDR5 雙通道,美光｛Micron Crucial PRO 超頻 64GB(雙通32GB*2) DDR5 6400｝/CL40 白色散熱片,29999,,2026-09-17 23:30:17
記憶體 RAM,桌上型記憶體 DDR5 雙通道,美光｛Micron Crucial PRO 超頻 96GB(雙通48GB*2) DDR5 5600｝/CL46 黑色散熱片,28500,,2026-09-17 23:30:17
記憶體 RAM,桌上型記憶體 DDR5 雙通道,海盜船 VENGEANCE 32G(16G*2)DDR5-6000/CL36 灰RGB｛CMH32GX5M2E6000Z36｝,15990,,2026-09-17 23:30:17
記憶體 RAM,桌上型記憶體 DDR5 雙通道,海盜船 VENGEANCE 32G(16G*2)DDR5-6000/CL30 灰｛CMK32GX5M2B6000Z30｝,17590,,2026-09-17 23:30:17
記憶體 RAM,桌上型記憶體 DDR5 雙通道,海盜船 VENGEANCE 32G(16G*2)DDR5-6000/CL30 灰RGB｛CMH32GX5M2B6000Z30K｝,17990,,2026-09-17 23:30:17
記憶體 RAM,桌上型記憶體 DDR5 雙通道,海盜船 VENGEANCE 32G(16G*2)DDR5-6400/CL36 灰｛CMK32GX5M2B6400Z36｝,15490,,2026-09-17 23:30:17
記憶體 RAM,桌上型記憶體 DDR5 雙通道,海盜船 VENGEANCE 32G(16G*2)DDR5-6400/CL36 灰RGB｛CMH32GX5M2B6400Z36｝,16990,,2026-09-17 23:30:17
記憶體 RAM,桌上型記憶體 DDR5 雙通道,海盜船 VENGEANCE 32G(16G*2)DDR5-6400/CL32 灰｛CMK32GX5M2B6400Z32｝AI,16990,,2026-09-17 23:30:17
記憶體 RAM,桌上型記憶體 DDR5 雙通道,海盜船 VENGEANCE 32G(16G*2)DDR5-6400/CL32 灰RGB｛CMH32GX5M2B6400Z32｝,17290,,2026-09-17 23:30:17
記憶體 RAM,桌上型記憶體 DDR5 雙通道,海盜船 VENGEANCE 64G(32G*2)DDR5-6400/CL42 黑｛CMK64GX5M2B6400C42｝,32900,,2026-09-17 23:30:17
記憶體 RAM,桌上型記憶體 DDR5 雙通道,海盜船 VENGEANCE 96G(48G*2)DDR5-6000/CL36 灰｛CMK96GX5M2E6000Z36｝,36500,,2026-09-17 23:30:17
記憶體 RAM,桌上型記憶體 DDR5 雙通道,海盜船 VENGEANCE 128G(64G*2)DDR5-6000/CL40 黑｛CMK128GX5M2D6000C40｝,83500,,2026-09-17 23:30:17
記憶體 RAM,桌上型記憶體 DDR5 雙通道,海盜船 DOMINATOR TITANIUM 32G(16G*2) D5-6000/CL30 灰RGB｛CMP32GX5M2B6000Z30｝,19200,,2026-09-17 23:30:17
記憶體 RAM,桌上型記憶體 DDR5 雙通道,海盜船 DOMINATOR TITANIUM 32G(16G*2) D5-7200/CL34 黑RGB｛CMP32GX5M2X7200C3｝,21990,,2026-09-17 23:30:17
記憶體 RAM,桌上型記憶體 DDR5 雙通道,芝奇Flare X5 烈焰槍32GB(雙通16G*2)D5-6000 CL28黑｛F5-6000J2836G16GX2-FX5｝,19500,,2026-09-17 23:30:17
記憶體 RAM,桌上型記憶體 DDR5 雙通道,芝奇Flare X5 烈焰槍32GB(雙通16G*2)D5-6000 CL28白｛F5-6000J2836G16GX2-FX5W｝,19500,,2026-09-17 23:30:17
記憶體 RAM,桌上型記憶體 DDR5 雙通道,芝奇Flare X5烈焰槍 64GB(雙通32G*2)D5-6000/CL30黑｛F5-6000J3040G32GX2-FX5｝,35900,,2026-09-17 23:30:17
記憶體 RAM,桌上型記憶體 DDR5 雙通道,芝奇Flare X5烈焰槍 64GB(雙通32G*2)D5-6000/CL30白｛F5-6000J3040G32GX2-FX5W｝,35900,,2026-09-17 23:30:17
記憶體 RAM,桌上型記憶體 DDR5 雙通道,芝奇Flare X5 烈焰槍64GB(雙通32G*2)D5-6000 CL28黑｛F5-6000J2836G32GX2-FX5｝,38900,,2026-09-17 23:30:17
記憶體 RAM,桌上型記憶體 DDR5 雙通道,芝奇Flare X5 烈焰槍96GB(雙通48G*2)D5-6000 CL30黑｛F5-6000J3036F48GX2-FX5｝,59980,,2026-09-17 23:30:17
記憶體 RAM,桌上型記憶體 DDR5 雙通道,芝奇Flare X5 烈焰槍96GB(雙通48G*2)D5-6000 CL30白｛F5-6000J3036F48GX2-FX5W｝,59980,,2026-09-17 23:30:17
記憶體 RAM,桌上型記憶體 DDR5 雙通道,芝奇Flare X5 烈焰槍128GB(雙通64G*2)D5-6000 CL34黑｛F5-6000J3444F64GX2-FX5｝,94500,,2026-09-17 23:30:17
記憶體 RAM,桌上型記憶體 DDR5 雙通道,芝奇 Ripjaws S5焰刃32GB(雙通16G*2)D5-6000/CL36黑｛ F5-6000J3636F16GX2-RS5K｝,15500,,2026-09-17 23:30:17
記憶體 RAM,桌上型記憶體 DDR5 雙通道,芝奇 Ripjaws S5焰刃64GB(雙通32G*2)D5-6000/C36黑｛F5-6000J3636F32GX2-RS5K｝,29000,,2026-09-17 23:30:17
記憶體 RAM,桌上型記憶體 DDR5 雙通道,芝奇 RipjawsM5 RGB焰刃32GB(16G*2)D5-6000/CL36黑｛F5-6000J3636F16GX2-RM5RK｝,16000,,2026-09-17 23:30:17
記憶體 RAM,桌上型記憶體 DDR5 雙通道,芝奇 烈焰槍RGB 64GB(雙通32G*2)D5-6000/CL36黑｛F5-6000J3636F32GX2-RM5NRK｝,34000,,2026-09-17 23:30:17
記憶體 RAM,桌上型記憶體 DDR5 雙通道,芝奇 烈焰槍RGB 64GB(雙通32G*2)D5-6000/CL36白｛F5-6000J3636F32GX2-RM5NRW｝,34000,,2026-09-17 23:30:17
記憶體 RAM,桌上型記憶體 DDR5 雙通道,芝奇 幻鋒戟RGB 32GB(雙通16G*2) D5-6400/CL32黑｛F5-6400J3239G16GX2-TZ5RK｝,21500,,2026-09-17 23:30:17
記憶體 RAM,桌上型記憶體 DDR5 雙通道,芝奇 幻鋒戟RGB 32GB(雙通16G*2) D5-6400/CL32白｛F5-6400J3239G16GX2-TZ5RW｝,21500,,2026-09-17 23:30:17
記憶體 RAM,桌上型記憶體 DDR5 雙通道,芝奇 幻鋒戟RGB 32GB(雙通16G*2) D5-7200/CL34黑｛F5-7200J3445G16GX2-TZ5RK｝,14900,,2026-09-17 23:30:17
記憶體 RAM,桌上型記憶體 DDR5 雙通道,芝奇 幻鋒戟RGB 64GB(雙通32G*2) D5-6000/CL30白｛F5-6000J3040G32GX2-TZ5RW｝,29000,,2026-09-17 23:30:17
記憶體 RAM,桌上型記憶體 DDR5 雙通道,芝奇 焰鋒戟RGB 32GB(雙通16GB*2) D5-6000/CL30黑｛F5-6000J3038F16GX2-TZ5NR｝,19400,,2026-09-17 23:30:17
記憶體 RAM,桌上型記憶體 DDR5 雙通道,芝奇 焰鋒戟RGB 64GB(雙通32GB*2)D5-6000/CL30黑｛F5-6000J3040G32GX2-TZ5NR｝,37900,,2026-09-17 23:30:17
記憶體 RAM,桌上型記憶體 DDR5 雙通道,芝奇 焰鋒戟RGB 64GB(雙通32GB*2)D5-6000/CL30白｛F5-6000J3040G32GX2-TZ5NRW｝,37900,,2026-09-17 23:30:17
記憶體 RAM,桌上型記憶體 DDR5 雙通道,芝奇 焰鋒戟RGB 32GB(雙通16GB*2)D5-6400/CL30黑｛F5-6400J3039G16GX2-TZ5NR｝,19800,,2026-09-17 23:30:17
記憶體 RAM,桌上型記憶體 DDR5 雙通道,芝奇 焰鋒戟RGB 32GB(雙通16GB*2)D5-6400/CL30白｛F5-6400J3039G16GX2-TZ5NRW｝,19800,,2026-09-17 23:30:17
記憶體 RAM,桌上型記憶體 DDR5 雙通道,芝奇 焰鋒戟RGB 32GB(雙通16GB*2)D5-7200/CL34黑｛F5-7200J3445G16GX2-TZ5NR｝,19800,,2026-09-17 23:30:17
記憶體 RAM,桌上型記憶體 DDR5 雙通道,芝奇 焰鋒戟RGB 128GB(雙通64GB*2)D5-6000/CL34黑｛F5-6000J3444F64GX2-TZ5NR｝,86500,,2026-09-17 23:30:17
記憶體 RAM,桌上型記憶體 DDR5 雙通道,芝奇 皇家戟RGB 48GB(雙通24GB*2)D5-6000 CL28銀｛F5-6000J2836F24GX2-TR5NS｝,37890,,2026-09-17 23:30:17
記憶體 RAM,桌上型記憶體 DDR5 雙通道,芝奇 皇家戟RGB 64GB(雙通32GB*2)D5-6000/CL28銀｛F5-6000J2836G32GX2-TR5NS｝,43800,,2026-09-17 23:30:17
記憶體 RAM,桌上型記憶體 DDR5 雙通道,"芝奇Flare X5 烈焰槍256GB(""雙通""四根64G*4)D5-6000 CL34黑｛F5-6000J3444F64GX4-FX5｝",189000,,2026-09-17 23:30:17
記憶體 RAM,筆記型記憶體 DDR5,｛UMAX NB 16GB DDR5 4800｝/CL40,7500,,2026-09-17 23:30:17
記憶體 RAM,筆記型記憶體 DDR5,｛UMAX NB 32GB DDR5 4800｝/CL40,14500,,2026-09-17 23:30:17
記憶體 RAM,筆記型記憶體 DDR5,｛UMAX NB 8GB DDR5 5600｝/CL46,4100,,2026-09-17 23:30:17
記憶體 RAM,筆記型記憶體 DDR5,｛UMAX NB 16GB DDR5 5600｝/CL46,7500,,2026-09-17 23:30:17
記憶體 RAM,筆記型記憶體 DDR5,｛UMAX NB 32GB DDR5 5600｝/CL46,14800,,2026-09-17 23:30:17
記憶體 RAM,筆記型記憶體 DDR5,威剛 NB 32GB DDR5-4800/CL40｛AD5S480032G-S｝,14500,,2026-09-17 23:30:17
記憶體 RAM,筆記型記憶體 DDR5,威剛 NB 8GB DDR5-5600/CL46｛AD5S56008G-S｝,4199,,2026-09-17 23:30:17
記憶體 RAM,筆記型記憶體 DDR5,威剛 NB 16GB DDR5-5600/CL46｛AD5S560016G-S｝,7999,,2026-09-17 23:30:17
記憶體 RAM,筆記型記憶體 DDR5,威剛 NB 32GB DDR5-5600/CL46｛AD5S560032G-S｝,14999,,2026-09-17 23:30:17
記憶體 RAM,筆記型記憶體 DDR5,金士頓 NB 16GB DDR5 5600｛KVR56S46BS8-16｝/CL46,8600,,2026-09-17 23:30:17
記憶體 RAM,筆記型記憶體 DDR5,金士頓 NB 32GB DDR5 5600｛KVR56S46BD8-32｝/CL46,14700,,2026-09-17 23:30:17
記憶體 RAM,筆記型記憶體 DDR5,美光｛Micron Crucial NB 16GB DDR5 5600｝/CL46,6999,,2026-09-17 23:30:17
記憶體 RAM,筆記型記憶體 DDR5,美光｛Micron Crucial NB 32GB DDR5 5600｝/CL46,13999,,2026-09-17 23:30:17
記憶體 RAM,筆記型記憶體 DDR5,美光｛Micron Crucial NB 64GB DDR5 5600｝/CL46,27999,,2026-09-17 23:30:17
記憶體 RAM,筆記型記憶體 DDR5 雙通道,美光｛Micron Crucial NB 雙通16G*2 DDR5 5600｝/CL46,13999,,2026-09-17 23:30:17
記憶體 RAM,筆記型記憶體 DDR5 雙通道,美光｛Micron Crucial NB 雙通64G*2 DDR5 5600｝/CL46,55999,,2026-09-17 23:30:17
記憶體 RAM,桌上型記憶體 DDR4,｛UMAX 8GB DDR4-2666｝(1024*8)CL19,2150,,2026-09-17 23:30:17
記憶體 RAM,桌上型記憶體 DDR4,｛UMAX 8GB DDR4-3200｝(1024*8)超頻CL16,2190,,2026-09-17 23:30:17
記憶體 RAM,桌上型記憶體 DDR4,｛UMAX 16GB DDR4-2400｝(1024*8)CL17,3750,,2026-09-17 23:30:17
記憶體 RAM,桌上型記憶體 DDR4,｛UMAX 16GB DDR4-2666｝(1024*8)CL19,3850,,2026-09-17 23:30:17
記憶體 RAM,桌上型記憶體 DDR4,｛UMAX 16GB DDR4-2666｝(2048*8)(CL19,3950,,2026-09-17 23:30:17
記憶體 RAM,桌上型記憶體 DDR4,｛UMAX 16GB DDR4-3200｝(1024*8)超頻CL16,4250,,2026-09-17 23:30:17
記憶體 RAM,桌上型記憶體 DDR4,｛UMAX 16GB DDR4-3200｝(2048*8)超頻CL16,4250,,2026-09-17 23:30:17
記憶體 RAM,桌上型記憶體 DDR4,｛UMAX 16GB DDR4-3200｝(1024*8)CL22,3950,,2026-09-17 23:30:17
記憶體 RAM,桌上型記憶體 DDR4,｛UMAX 32GB DDR4-3200｝(2048*8)CL22,8888,,2026-09-17 23:30:17
記憶體 RAM,桌上型記憶體 DDR4,｛UMAX 32GB DDR4-3200｝(2048*8)超頻CL16,8888,,2026-09-17 23:30:17
記憶體 RAM,桌上型記憶體 DDR4,威剛 8GB DDR4-3200｛AD4U320038G22-SGN｝(1024*8),2299,,2026-09-17 23:30:17
記憶體 RAM,桌上型記憶體 DDR4,威剛 16GB DDR4-3200｛AD4U3200316G22-SGN｝(1024*8),4599,,2026-09-17 23:30:17
記憶體 RAM,桌上型記憶體 DDR4,威剛 16GB DDR4-3200/CL16 XPG D10超頻 黑｛AX4U3200316G16A-SB10｝(1024*8),4699,,2026-09-17 23:30:17
記憶體 RAM,桌上型記憶體 DDR4,威剛 32GB DDR4-3200｛AD4U3200732G22-SGN｝(2048*8),8999,,2026-09-17 23:30:17
記憶體 RAM,桌上型記憶體 DDR4,金士頓 8GB DDR4-3200 FURY Beast(獸獵者)｛KF432C16BB/8｝(1024*8),3200,,2026-09-17 23:30:17
記憶體 RAM,桌上型記憶體 DDR4,金士頓 8GB DDR4-3200 FURY Beast(獸獵者)｛KF432C16BB/8｝(1024*8),2900,搭機價,2026-09-17 23:30:17
記憶體 RAM,桌上型記憶體 DDR4,金士頓 16GB DDR4-3200｛KVR32N22S8/16｝(2048*8),6150,,2026-09-17 23:30:17
記憶體 RAM,桌上型記憶體 DDR4,金士頓 16GB DDR4-3200 FURY Beast(獸獵者)｛KF432C16BB/16｝(2048*8),6150,,2026-09-17 23:30:17
記憶體 RAM,桌上型記憶體 DDR4,金士頓 32GB DDR4-3200｛KVR32N22D8/32｝(2048*8),12000,,2026-09-17 23:30:17
記憶體 RAM,桌上型記憶體 DDR4,金士頓 32GB DDR4-3200 FURY Beast(獸獵者)｛KF432C16BB/32｝(2048*8),9450,,2026-09-17 23:30:17
記憶體 RAM,桌上型記憶體 DDR4 雙通道,｛UMAX 16GB(雙通8GB*2) DDR4-2666｝含散熱片(1024*8),4350,,2026-09-17 23:30:17
記憶體 RAM,桌上型記憶體 DDR4 雙通道,｛UMAX 16GB(雙通8GB*2) DDR4-3200｝超頻CL16含散熱片(1024*8),4450,,2026-09-17 23:30:17
記憶體 RAM,桌上型記憶體 DDR4 雙通道,｛UMAX 32GB(雙通16GB*2) DDR4-2666｝含散熱片(1024*8)CL19,7800,,2026-09-17 23:30:17
記憶體 RAM,桌上型記憶體 DDR4 雙通道,｛UMAX 32GB(雙通16GB*2) DDR4-2666｝含散熱片(2048*8)CL19,7990,,2026-09-17 23:30:17
記憶體 RAM,桌上型記憶體 DDR4 雙通道,｛UMAX 32GB(雙通16GB*2) DDR4-3200｝超頻CL16含散熱片(1024*8)CL16,8600,,2026-09-17 23:30:17
記憶體 RAM,桌上型記憶體 DDR4 雙通道,｛UMAX 32GB(雙通16GB*2) DDR4-3200｝超頻CL16含散熱片(2048*8)CL16,8800,,2026-09-17 23:30:17
記憶體 RAM,桌上型記憶體 DDR4 雙通道,｛UMAX 64GB(雙通32GB*2) DDR4-3200｝含散熱片(2048*8) CL22,17800,,2026-09-17 23:30:17
記憶體 RAM,桌上型記憶體 DDR4 雙通道,威剛 32GB(雙通16G*2) D4-3200/CL16 D10超頻 黑｛AX4U3200716G16A-DB10｝(2048*8),8299,,2026-09-17 23:30:17
記憶體 RAM,桌上型記憶體 DDR4 雙通道,金士頓 16GB(雙通8GB*2) DDR4-3200 FURY Beast(獸獵)｛KF432C16BBK2/16｝,6600,,2026-09-17 23:30:17
記憶體 RAM,桌上型記憶體 DDR4 雙通道,金士頓 32GB(雙通16GB*2) DDR4-3200 (獸獵者)｛KF432C16BBK2/32｝(2048*8),9500,,2026-09-17 23:30:17
記憶體 RAM,桌上型記憶體 DDR4 雙通道,芝奇 G.SKILL Ripjaws V 32GB(雙通16GB*2) D4-3600 CL18 黑｛F4-3600C18D-32GVK｝,8950,,2026-09-17 23:30:17
記憶體 RAM,桌上型記憶體 DDR4 雙通道,芝奇 G.SKILL 幻光戟 16GB(雙通8GB*2) D4-3200 CL16 黑銀｛F4-3200C16D-16GTZR｝,4990,,2026-09-17 23:30:17
記憶體 RAM,桌上型記憶體 DDR4 雙通道,芝奇 G.SKILL 幻光戟 32GB(雙通16GB*2) D4-3200 CL16 黑銀｛F4-3200C16D-32GTZR｝,9350,,2026-09-17 23:30:17
記憶體 RAM,桌上型記憶體 DDR4 雙通道,芝奇 G.SKILL 幻光戟 32GB(雙通16GB*2) D4-3600 CL16 黑銀｛F4-3600C16D-32GTZRC｝,9900,,2026-09-17 23:30:17
記憶體 RAM,桌上型記憶體 DDR4 雙通道,芝奇 G.SKILL 焰光戟 32GB(雙通16GB*2) D4-3200｛F4-3200C16D-32GTZN｝[For AMD],9500,,2026-09-17 23:30:17
記憶體 RAM,桌上型記憶體 DDR4 雙通道,芝奇 G.SKILL 焰光戟 32GB(雙通16GB*2) D4-3600｛F4-3600C16D-32GTZNC｝[For AMD],9999,,2026-09-17 23:30:17
記憶體 RAM,筆記型記憶體 DDR4,｛UMAX NB 8GB DDR4-2666｝(1024*8),2150,,2026-09-17 23:30:17
記憶體 RAM,筆記型記憶體 DDR4,｛UMAX NB 8GB DDR4-3200｝(1024*8),2190,,2026-09-17 23:30:17
記憶體 RAM,筆記型記憶體 DDR4,｛UMAX NB 16GB DDR4-2400｝(1024*8),3750,,2026-09-17 23:30:17
記憶體 RAM,筆記型記憶體 DDR4,｛UMAX NB 16GB DDR4-2666｝(1024*8),3950,,2026-09-17 23:30:17
記憶體 RAM,筆記型記憶體 DDR4,｛UMAX NB 16GB DDR4-3200｝(1024*8),4250,,2026-09-17 23:30:17
記憶體 RAM,筆記型記憶體 DDR4,｛UMAX NB 32GB DDR4-3200｝(2048*8),8500,,2026-09-17 23:30:17
記憶體 RAM,筆記型記憶體 DDR4,威剛 NB 8GB DDR4-3200｛AD4S320038G22-SGN｝(1024*8),2299,,2026-09-17 23:30:17
記憶體 RAM,筆記型記憶體 DDR4,威剛 NB 16GB DDR4-3200｛AD4S3200316G22-SGN｝(1024*8),4599,,2026-09-17 23:30:17
記憶體 RAM,筆記型記憶體 DDR4,金士頓 NB 8GB DDR4-3200｛KVR32S22S8/8｝(1024*8),3300,,2026-09-17 23:30:17
記憶體 RAM,筆記型記憶體 DDR4,金士頓 NB 16GB DDR4-3200｛KVR32S22S8/16｝(2048*8),6350,,2026-09-17 23:30:17
記憶體 RAM,筆記型記憶體 DDR4,金士頓 NB 32GB DDR4-3200｛KVR32S22D8/32｝(2048*8),14000,,2026-09-17 23:30:17
記憶體 RAM,桌上型記憶體 DDR3,｛UMAX 8GB DDR3-1600｝(512*8),780,,2026-09-17 23:30:17
記憶體 RAM,桌上型記憶體 DDR3,｛UMAX 16GB(雙通道8G*2)DDR3-1600｝含散熱片(512*8),1650,,2026-09-17 23:30:17
記憶體 RAM,筆記型記憶體 DDR3,｛UMAX NB 8GB DDR3L-1600｝低電壓(512*8),780,,2026-09-17 23:30:17
記憶體 RAM,筆記型記憶體 DDR3,金士頓 NB 8GB DDR3L-1600 低電壓｛KVR16LS11/8｝(512*8),1600,,2026-09-17 23:30:17
記憶體 RAM,伺服器專用記憶體 DDR5 ECC DIMM,金士頓32GB 5600MT/s D5 ECC CL46 DIMM 2Rx8 Hynix A｛KSM56E46BD8KM/32HA｝,29900,,2026-09-17 23:30:17
記憶體 RAM,伺服器專用記憶體 DDR5 RDIMM,金士頓16G 5600MT/s D5 ECC Reg CL46 DIMM 1R*8 Hynix A Rambus｛KSM56R46BS8/16HA｝,17500,,2026-09-17 23:30:17
記憶體 RAM,伺服器專用記憶體 DDR5 RDIMM,金士頓32G 5600MT/s D5 ECC Reg CL46 DIMM 2R*8 Hynix A Rambus｛KSM56R46BD8/32HA｝,34500,限組裝,2026-09-17 23:30:17
記憶體 RAM,伺服器專用記憶體 DDR5 RDIMM,金士頓64G 5600MT/s D5 ECC Reg CL46 DIMM 2R*4 Hynix A Rambus｛KSM56R46BD4/64HA｝,82000,限組裝,2026-09-17 23:30:17
記憶體 RAM,伺服器專用記憶體 DDR5 RDIMM,金士頓96G 6400MT/s D5 ECC Reg CL52 DIMM 2R*4 Micron C｛KSM64R52BD4/96MC｝,125000,,2026-09-17 23:30:17
記憶體 RAM,伺服器專用記憶體 DDR5 RDIMM,威剛32G 5600MT/s D5 ECC Reg CL46 DIMM 2R*8 Hynix A die｛AD5R560032G20-SHYA｝,33999,,2026-09-17 23:30:17
記憶體 RAM,伺服器專用記憶體 DDR5 RDIMM,威剛64G 5600MT/s D5 ECC Reg CL46 DIMM 2R*4 Hynix A die｛AD5R560064G40-SHYA｝,81999,,2026-09-17 23:30:17
記憶體 RAM,伺服器專用記憶體 DDR4 RDIMM,金士頓32GB 3200MHz D4 ECC Reg CL22 DIMM 2R*8 Hynix C Rambus｛KSM32RD8/32HD｝,15200,,2026-09-17 23:30:17
記憶體 RAM,伺服器專用記憶體 DDR4 RDIMM,金士頓64GB 3200MHz D4 ECC Reg CL22 DIMM 2R*4 Hynix C Rambus｛KSM32RD4/64HCR｝,22900,,2026-09-17 23:30:17
固態硬碟 M.2｜SSD,2.5吋 SATA3 SSD固態硬碟,｛UMAX S330 240GB｝/2.5吋/讀520/寫450/3D NAND Flash【三年保】,1399,,2026-09-17 23:30:17
固態硬碟 M.2｜SSD,2.5吋 SATA3 SSD固態硬碟,｛UMAX S330 480GB｝/2.5吋/讀560/寫450/3D NAND Flash【三年保】,2400,,2026-09-17 23:30:17
固態硬碟 M.2｜SSD,2.5吋 SATA3 SSD固態硬碟,｛威剛 Ultimate SU650 240G｝/2.5吋/讀520/寫450/TLC顆粒【三年保】,1799,,2026-09-17 23:30:17
固態硬碟 M.2｜SSD,2.5吋 SATA3 SSD固態硬碟,｛威剛 Ultimate SU650 480G｝/2.5吋/讀520/寫450/TLC顆粒【三年保】,2699,,2026-09-17 23:30:17
固態硬碟 M.2｜SSD,2.5吋 SATA3 SSD固態硬碟,｛金士頓 A400 240G｝/2.5吋/讀500/寫350/TLC顆粒【三年保】,1880,,2026-09-17 23:30:17
固態硬碟 M.2｜SSD,2.5吋 SATA3 SSD固態硬碟,｛金士頓 A400 480G｝/2.5吋/讀500/寫450/TLC顆粒【三年保】,3400,,2026-09-17 23:30:17
固態硬碟 M.2｜SSD,2.5吋 SATA3 SSD固態硬碟,｛金士頓 A400 960G｝/2.5吋/讀500/寫450/TLC顆粒【三年保】,5600,,2026-09-17 23:30:17
固態硬碟 M.2｜SSD,2.5吋 SATA3 SSD固態硬碟,｛金士頓 SKC600 256G｝/2.5吋/讀550/寫500/SMI/3D TLC【五年保】,3100,,2026-09-17 23:30:17
固態硬碟 M.2｜SSD,2.5吋 SATA3 SSD固態硬碟,｛金士頓 SKC600 256G｝/2.5吋/讀550/寫500/SMI/3D TLC【五年保】,2888,搭機價,2026-09-17 23:30:17
固態硬碟 M.2｜SSD,2.5吋 SATA3 SSD固態硬碟,｛金士頓 SKC600 512G｝/2.5吋/讀550/寫520/SMI/3D TLC【五年保】,4700,,2026-09-17 23:30:17
固態硬碟 M.2｜SSD,2.5吋 SATA3 SSD固態硬碟,｛金士頓 SKC600 512G｝/2.5吋/讀550/寫520/SMI/3D TLC【五年保】,4450,搭機價,2026-09-17 23:30:17
固態硬碟 M.2｜SSD,2.5吋 SATA3 SSD固態硬碟,｛金士頓 SKC600 1024G｝/2.5吋/讀550/寫520/SMI/3D TLC【五年保】,8300,,2026-09-17 23:30:17
固態硬碟 M.2｜SSD,2.5吋 SATA3 SSD固態硬碟,｛金士頓 SKC600 1024G｝/2.5吋/讀550/寫520/SMI/3D TLC【五年保】,7550,搭機價,2026-09-17 23:30:17
固態硬碟 M.2｜SSD,2.5吋 SATA3 SSD固態硬碟,｛金士頓 SKC600 2048G｝/2.5吋/讀550/寫520/SMI/3D TLC【五年保】,15800,,2026-09-17 23:30:17
固態硬碟 M.2｜SSD,2.5吋 SATA3 SSD固態硬碟,｛金士頓 SKC600 2048G｝/2.5吋/讀550/寫520/SMI/3D TLC【五年保】,14500,搭機價,2026-09-17 23:30:17
固態硬碟 M.2｜SSD,2.5吋 SATA3 SSD固態硬碟,｛致態 ZhiTai 致態小翼 S001 500GB｝/2.5吋/SATA 3/讀550/寫500【三年保】~送手機掛繩~,2699,,2026-09-17 23:30:17
固態硬碟 M.2｜SSD,2.5吋 SATA3 SSD固態硬碟,｛致態 ZhiTai 致態小翼 S001 1TB｝/2.5吋/SATA 3/讀550/寫500【三年保】~送手機掛繩~,4499,,2026-09-17 23:30:17
固態硬碟 M.2｜SSD,2.5吋 SATA3 SSD固態硬碟,｛十銓 T-Force Vulcan Z 火神Z 256G｝/2.5吋/讀520/寫450/3D NAND/TLC【三年保】,1790,,2026-09-17 23:30:17
固態硬碟 M.2｜SSD,2.5吋 SATA3 SSD固態硬碟,宏碁｛Acer RE100 256GB｝/2.5吋/讀562/寫528/TLC【五年保】,1790,,2026-09-17 23:30:17
固態硬碟 M.2｜SSD,2.5吋 SATA3 SSD固態硬碟,宏碁｛Acer RE100 512GB｝/2.5吋/讀562/寫529/TLC【五年保】,2650,,2026-09-17 23:30:17
固態硬碟 M.2｜SSD,2.5吋 SATA3 SSD固態硬碟,宏碁｛Acer RE100 1TB｝/2.5吋/讀557/寫515/TLC【五年保】,4390,,2026-09-17 23:30:17
固態硬碟 M.2｜SSD,2.5吋 SATA3 SSD固態硬碟,宏碁｛Acer RE100 2TB｝/2.5吋/讀557/寫515/TLC【五年保】,8490,,2026-09-17 23:30:17
固態硬碟 M.2｜SSD,2.5吋 SATA3 SSD固態硬碟,美光 Micron Crucial｛BX500 240G｝/2.5吋讀540/寫500/TLC【三年保】,1709,,2026-09-17 23:30:17
固態硬碟 M.2｜SSD,2.5吋 SATA3 SSD固態硬碟,美光 Micron Crucial｛BX500 500G｝/2.5吋讀540/寫500/TLC【三年保】,2475,,2026-09-17 23:30:17
固態硬碟 M.2｜SSD,2.5吋 SATA3 SSD固態硬碟,美光 Micron Crucial｛BX500 1TB｝/2.5吋/讀540/寫500/TLC【三年保】限組裝~,4500,,2026-09-17 23:30:17
固態硬碟 M.2｜SSD,2.5吋 SATA3 SSD固態硬碟,美光 Micron Crucial｛BX500 4TB｝/2.5吋/讀540/寫500M/TLC【三年保】,14700,,2026-09-17 23:30:17
固態硬碟 M.2｜SSD,2.5吋 SATA3 SSD固態硬碟,WD Blue｛SA510 500GB｝(藍標)/2.5吋/讀560/寫530/3D TLC顆粒【五年保】,4200,,2026-09-17 23:30:17
固態硬碟 M.2｜SSD,2.5吋 SATA3 SSD固態硬碟,WD Blue｛SA510 1TB｝(藍標)/2.5吋/讀560/寫520/3D TLC顆粒【五年保】,7400,,2026-09-17 23:30:17
固態硬碟 M.2｜SSD,2.5吋 SATA3 SSD固態硬碟,WD Blue｛SA510 4TB｝(藍標)/2.5吋/讀560/寫520/3D TLC顆粒【五年保】,28800,,2026-09-17 23:30:17
固態硬碟 M.2｜SSD,2.5吋 SATA3 SSD固態硬碟,三星 Samsung｛870 EVO 500G｝/2.5吋/讀560/寫530/TLC【五年保】,7499,,2026-09-17 23:30:17
固態硬碟 M.2｜SSD,2.5吋 SATA3 SSD固態硬碟,三星 Samsung｛870 EVO 1TB｝/2.5吋/讀560/寫530/TLC【五年保】,10999,,2026-09-17 23:30:17
固態硬碟 M.2｜SSD,2.5吋 SATA3 SSD固態硬碟,三星 Samsung｛870 EVO 2TB｝/2.5吋/讀560/寫530/TLC【五年保】,23699,,2026-09-17 23:30:17
固態硬碟 M.2｜SSD,2.5吋 SATA3 SSD固態硬碟,三星 Samsung｛870 EVO 4TB｝/2.5吋/讀560/寫530/TLC【五年保】,47899,,2026-09-17 23:30:17
固態硬碟 M.2｜SSD,2.5吋 SATA3 SSD固態硬碟,三星 Samsung｛870 EVO 8TB｝/2.5吋/讀560/寫530/TLC【五年保】,116999,,2026-09-17 23:30:17
固態硬碟 M.2｜SSD,2.5吋 SATA3 SSD固態硬碟,三星 Samsung｛870 QVO 8TB｝/2.5吋/讀:560/寫:530/QLC【三年保】,56999,,2026-09-17 23:30:17
固態硬碟 M.2｜SSD,M.2 PCIe 5.0 (Gen5) SSD固態硬碟,鎧俠｛KIOXIA EXCERIA G3 1TB｝PCIe 5.0 讀10000/寫8900/QLC【五年保】,6450,,2026-09-17 23:30:17
固態硬碟 M.2｜SSD,M.2 PCIe 5.0 (Gen5) SSD固態硬碟,鎧俠｛KIOXIA EXCERIA G3 2TB｝PCIe 5.0 讀10000/寫9600/QLC【五年保】,11900,,2026-09-17 23:30:17
固態硬碟 M.2｜SSD,M.2 PCIe 5.0 (Gen5) SSD固態硬碟,鎧俠｛KIOXIA EXCERIA PLUS G4 2TB｝GEN5 PCIe 5.0 讀10000/寫8200/TLC【五年保】,10300,,2026-09-17 23:30:17
固態硬碟 M.2｜SSD,M.2 PCIe 5.0 (Gen5) SSD固態硬碟,威剛｛XPG MARS 980Blade 1TB｝/Gen5/讀14000/寫10000/SM2508台積電6nm製程-五年,7299,,2026-09-17 23:30:17
固態硬碟 M.2｜SSD,M.2 PCIe 5.0 (Gen5) SSD固態硬碟,威剛｛XPG MARS 980Blade 2TB｝/Gen5/讀14000/寫13000/SM2508台積電6nm製程-五年,12999,,2026-09-17 23:30:17
固態硬碟 M.2｜SSD,M.2 PCIe 5.0 (Gen5) SSD固態硬碟,威剛｛XPG MARS 980Blade 4TB｝/Gen5/讀14000/寫13000/SM2508台積電6nm製程-五年,23999,,2026-09-17 23:30:17
固態硬碟 M.2｜SSD,M.2 PCIe 5.0 (Gen5) SSD固態硬碟,｛Biwin 佰維 X570 1TB｝/Gen5/讀14000M/寫7300M/TLC 單面設計 【五年保】,5999,,2026-09-17 23:30:17
固態硬碟 M.2｜SSD,M.2 PCIe 5.0 (Gen5) SSD固態硬碟,｛Biwin 佰維 X570 2TB｝/Gen5/讀14500M/寫10000M/TLC 單面設計 【五年保】,11399,,2026-09-17 23:30:17
固態硬碟 M.2｜SSD,M.2 PCIe 5.0 (Gen5) SSD固態硬碟,｛Biwin 佰維 X570 4TB｝/Gen5/讀14500M/寫11000M/TLC 單面設計 【五年保】,19999,,2026-09-17 23:30:17
固態硬碟 M.2｜SSD,M.2 PCIe 5.0 (Gen5) SSD固態硬碟,｛Biwin 佰維X570 PRO 1TB｝/Gen5/讀14000M/寫10500M/TLC/SMI/TSMC 6nm/DRAM-五年,7199,,2026-09-17 23:30:17
固態硬碟 M.2｜SSD,M.2 PCIe 5.0 (Gen5) SSD固態硬碟,｛Biwin 佰維X570 PRO 2TB｝/Gen5/讀14000M/寫13000M/TLC/SMI/TSMC 6nm/DRAM-五年,12599,,2026-09-17 23:30:17
固態硬碟 M.2｜SSD,M.2 PCIe 5.0 (Gen5) SSD固態硬碟,宏碁｛Acer Predator GM9 1TB｝/Gen5/讀14000/寫7300/TLC 單面設計 【五年保】,6999,,2026-09-17 23:30:17
固態硬碟 M.2｜SSD,M.2 PCIe 5.0 (Gen5) SSD固態硬碟,宏碁｛Acer Predator GM9 2TB｝/Gen5/讀14500M/寫10000/TLC 單面設計 【五年保】,11699,,2026-09-17 23:30:17
固態硬碟 M.2｜SSD,M.2 PCIe 5.0 (Gen5) SSD固態硬碟,宏碁｛Acer Predator GM9000 1TB｝/Gen5/讀14000/寫10500/TLC/SMI/TSMC 6nm【五年】,7699,,2026-09-17 23:30:17
固態硬碟 M.2｜SSD,M.2 PCIe 5.0 (Gen5) SSD固態硬碟,｛金士頓 FURY Renegade G5 1TB｝/讀14200/寫11000/TLC/DRAM快取【五年保】,13000,,2026-09-17 23:30:17
固態硬碟 M.2｜SSD,M.2 PCIe 5.0 (Gen5) SSD固態硬碟,｛金士頓 FURY Renegade G5 2TB｝/讀14700/寫14000/TLC/DRAM快取【五年保】,18800,,2026-09-17 23:30:17
固態硬碟 M.2｜SSD,M.2 PCIe 5.0 (Gen5) SSD固態硬碟,｛金士頓 FURY Renegade G5 4TB｝/讀14800/寫14000/TLC/DRAM快取【五年保】,33800,,2026-09-17 23:30:17
固態硬碟 M.2｜SSD,M.2 PCIe 5.0 (Gen5) SSD固態硬碟,｛致態 ZhiTai TiPlus 9100 1TB｝/Gen5/PCIe 5.0/讀12000/寫10700/TLC【五年保】~送手機掛繩~,6099,,2026-09-17 23:30:17
固態硬碟 M.2｜SSD,M.2 PCIe 5.0 (Gen5) SSD固態硬碟,｛致態 ZhiTai TiPlus 9100 2TB｝/Gen5/PCIe 5.0/讀12000/寫10700/TLC【五年保】~送手機掛繩~,9699,,2026-09-17 23:30:17
固態硬碟 M.2｜SSD,M.2 PCIe 5.0 (Gen5) SSD固態硬碟,｛致態 ZhiTai TiPlus 9100 4TB｝/Gen5/PCIe 5.0/讀12000/寫10700/TLC【五年保】~送手機掛繩~,18599,,2026-09-17 23:30:17
固態硬碟 M.2｜SSD,M.2 PCIe 5.0 (Gen5) SSD固態硬碟,｛致態ZhiTai TiPro9000 1TB｝/Gen5/讀14000/寫12500/DRAM/TLC/可拆式散熱片~送手機掛繩~,6699,,2026-09-17 23:30:17
固態硬碟 M.2｜SSD,M.2 PCIe 5.0 (Gen5) SSD固態硬碟,｛致態ZhiTai TiPro9000 2TB｝/Gen5/讀14000/寫12500/DRAM/TLC/可拆式散熱片~送手機掛繩~,12599,,2026-09-17 23:30:17
固態硬碟 M.2｜SSD,M.2 PCIe 5.0 (Gen5) SSD固態硬碟,｛致態ZhiTai TiPro9000 4TB｝/Gen5/讀14000/寫12500/DRAM/TLC/可拆式散熱片~送手機掛繩~,20999,,2026-09-17 23:30:17
固態硬碟 M.2｜SSD,M.2 PCIe 5.0 (Gen5) SSD固態硬碟,｛WD 黑標 SN8100 2TB/Gen5 PCIe 5.0/讀14900/寫14000/TLC【五年保】,20500,,2026-09-17 23:30:17
固態硬碟 M.2｜SSD,M.2 PCIe 5.0 (Gen5) SSD固態硬碟,美光 Micron Crucial｛P510 2TB｝Gen5 PCIe 5.0 讀11000/寫9500/TLC【五年保】,9500,,2026-09-17 23:30:17
固態硬碟 M.2｜SSD,M.2 PCIe 5.0 (Gen5) SSD固態硬碟,美光 Micron Crucial｛P510 1TB｝含散熱片 Gen5 PCIe 5.0 讀11000/寫9500/TLC【五年保】,6179,,2026-09-17 23:30:17
固態硬碟 M.2｜SSD,M.2 PCIe 5.0 (Gen5) SSD固態硬碟,美光 Micron Crucial｛P510 2TB｝含散熱片 Gen5 PCIe 5.0 讀11000/寫9500/TLC【五年保】,10369,,2026-09-17 23:30:17
固態硬碟 M.2｜SSD,M.2 PCIe 5.0 (Gen5) SSD固態硬碟,美光 Micron Crucial｛T705 1TB｝Gen5 PCIe 5.0 讀13600/寫10200/TLC【五年保】,6750,,2026-09-17 23:30:17
固態硬碟 M.2｜SSD,M.2 PCIe 5.0 (Gen5) SSD固態硬碟,美光 Micron Crucial｛T705 2TB｝Gen5 PCIe 5.0 讀14500/寫12700/TLC【五年保】,11700,,2026-09-17 23:30:17
固態硬碟 M.2｜SSD,M.2 PCIe 5.0 (Gen5) SSD固態硬碟,美光 Micron Crucial｛T705 4TB｝Gen5 PCIe 5.0 讀14100/寫12600/TLC【五年保】,21300,,2026-09-17 23:30:17
固態硬碟 M.2｜SSD,M.2 PCIe 5.0 (Gen5) SSD固態硬碟,美光 Micron Crucial｛T705 1TB｝含散熱片 Gen5 PCIe 5.0 讀13000/寫10200/TLC【五年保】,6750,,2026-09-17 23:30:17
固態硬碟 M.2｜SSD,M.2 PCIe 5.0 (Gen5) SSD固態硬碟,美光 Micron Crucial｛T705 2TB｝含散熱片 Gen5 PCIe 5.0 讀14500/寫12700/TLC【五年保】,11700,,2026-09-17 23:30:17
固態硬碟 M.2｜SSD,M.2 PCIe 5.0 (Gen5) SSD固態硬碟,美光 Micron Crucial｛T705 4TB｝含散熱片 Gen5 PCIe 5.0 讀14100/寫12600/TLC【五年保】,21300,,2026-09-17 23:30:17
固態硬碟 M.2｜SSD,M.2 PCIe 5.0 (Gen5) SSD固態硬碟,美光 Micron Crucial｛T710 1TB｝Gen5 PCIe 5.0 讀14900/寫13700/TLC【五年保】,7800,,2026-09-17 23:30:17
固態硬碟 M.2｜SSD,M.2 PCIe 5.0 (Gen5) SSD固態硬碟,美光 Micron Crucial｛T710 4TB｝Gen5 PCIe 5.0 讀14500/寫13800/TLC【五年保】,22200,,2026-09-17 23:30:17
固態硬碟 M.2｜SSD,M.2 PCIe 5.0 (Gen5) SSD固態硬碟,美光 Micron Crucial｛T710 1TB｝含散熱片 Gen5 PCIe 5.0 讀14900/寫13700/TLC【五年】,7800,,2026-09-17 23:30:17
固態硬碟 M.2｜SSD,M.2 PCIe 5.0 (Gen5) SSD固態硬碟,美光 Micron Crucial｛T710 2TB｝含散熱片 Gen5 PCIe 5.0 讀14500/寫13800/TLC【五年】,12700,,2026-09-17 23:30:17
固態硬碟 M.2｜SSD,M.2 PCIe 5.0 (Gen5) SSD固態硬碟,美光 Micron Crucial｛T710 4TB｝含散熱片 Gen5 PCIe 5.0 讀14500/寫13800/TLC【五年保】,22200,,2026-09-17 23:30:17
固態硬碟 M.2｜SSD,M.2 PCIe 5.0 (Gen5) SSD固態硬碟,十銓 T-Force GC PRO(石墨烯)4TB/Gen5 讀12500M/寫11000/DRAM快取【五年保】,17880,,2026-09-17 23:30:17
固態硬碟 M.2｜SSD,M.2 PCIe 5.0 (Gen5) SSD固態硬碟,十銓｛T-ForceZ540黑武士(石墨烯)2TB｝/Gen5/讀12400/寫11800/DRAM快取【五年保】,10900,,2026-09-17 23:30:17
固態硬碟 M.2｜SSD,M.2 PCIe 5.0 (Gen5) SSD固態硬碟,微星｛SPATIUM M560 1TB｝/Gen5/讀10200/寫8400/TLC【五年保】,8390,,2026-09-17 23:30:17
固態硬碟 M.2｜SSD,M.2 PCIe 5.0 (Gen5) SSD固態硬碟,微星｛SPATIUM M560 2TB｝/Gen5/讀10300/寫8700/TLC【五年保】,13200,,2026-09-17 23:30:17
固態硬碟 M.2｜SSD,M.2 PCIe 5.0 (Gen5) SSD固態硬碟,三星 Samsung｛9100 PRO 1TB｝/PCIe 5.0 x4/讀14700/寫13300/TLC【五年保】,9999,,2026-09-17 23:30:17
固態硬碟 M.2｜SSD,M.2 PCIe 5.0 (Gen5) SSD固態硬碟,三星 Samsung｛9100 PRO 2TB｝/PCIe 5.0 x4/讀14700/寫13400/TLC【五年保】,19999,,2026-09-17 23:30:17
固態硬碟 M.2｜SSD,M.2 PCIe 5.0 (Gen5) SSD固態硬碟,三星 Samsung｛9100 PRO 4TB｝/PCIe 5.0 x4/讀14800/寫13400/TLC【五年保】,34999,,2026-09-17 23:30:17
固態硬碟 M.2｜SSD,M.2 PCIe 5.0 (Gen5) SSD固態硬碟,三星 Samsung｛9100 PRO 8TB｝/PCIe 5.0 x4/讀14800/寫13400/TLC【五年保】,79999,,2026-09-17 23:30:17
固態硬碟 M.2｜SSD,M.2 PCIe 5.0 (Gen5) SSD固態硬碟,三星 Samsung｛9100 PRO 1TB｝含散熱片/PCIe 5.0 x4/讀14700/寫13300/TLC【五年保】,10499,限整機,2026-09-17 23:30:17
固態硬碟 M.2｜SSD,M.2 PCIe 5.0 (Gen5) SSD固態硬碟,三星 Samsung｛9100 PRO 2TB｝含散熱片/PCIe 5.0 x4/讀14700/寫13400/TLC【五年保】,21499,,2026-09-17 23:30:17
固態硬碟 M.2｜SSD,M.2 PCIe 5.0 (Gen5) SSD固態硬碟,三星 Samsung｛9100 PRO 4TB｝含散熱片/PCIe 5.0 x4/讀14800/寫13400/TLC【五年保】,28599,,2026-09-17 23:30:17
固態硬碟 M.2｜SSD,M.2 PCIe 5.0 (Gen5) SSD固態硬碟,三星 Samsung｛9100 PRO 8TB｝含散熱片/PCIe 5.0 x4/讀14800/寫13400/TLC【五年保】,80599,,2026-09-17 23:30:17
固態硬碟 M.2｜SSD,M.2 PCIe 4.0 (Gen4) SSD固態硬碟,鎧俠｛KIOXIA EXCERIA PLUS G3 2TB｝PCIe 4.0 讀5000/寫3900/TLC【五年保】,9999,,2026-09-17 23:30:17
固態硬碟 M.2｜SSD,M.2 PCIe 4.0 (Gen4) SSD固態硬碟,鎧俠｛KIOXIA EXCERIA BASIC 1TB｝PCIe 4.0 讀7200/寫6600/QLC【五年保】,6100,,2026-09-17 23:30:17
固態硬碟 M.2｜SSD,M.2 PCIe 4.0 (Gen4) SSD固態硬碟,鎧俠｛KIOXIA EXCERIA BASIC 2TB｝PCIe 4.0 讀7300/寫6800/QLC【五年保】,10300,,2026-09-17 23:30:17
固態硬碟 M.2｜SSD,M.2 PCIe 4.0 (Gen4) SSD固態硬碟,威剛｛ADATA LEGEND 860 500GB｝/Gen4/讀5000/寫3000(單面設計)【五年保】,3199,,2026-09-17 23:30:17
固態硬碟 M.2｜SSD,M.2 PCIe 4.0 (Gen4) SSD固態硬碟,威剛｛ADATA LEGEND 860 1TB｝/Gen4/讀6000/寫4000(單面設計)【五年保】,5299,,2026-09-17 23:30:17
固態硬碟 M.2｜SSD,M.2 PCIe 4.0 (Gen4) SSD固態硬碟,威剛｛ADATA LEGEND 860 2TB｝/Gen4/讀6000/寫:5000(單面設計)【五年保】,9299,,2026-09-17 23:30:17
固態硬碟 M.2｜SSD,M.2 PCIe 4.0 (Gen4) SSD固態硬碟,威剛｛ADATA LEGEND 900 512GB｝/Gen4/讀6200/寫2300(單面設計)贈散熱片【五年保】,3299,,2026-09-17 23:30:17
固態硬碟 M.2｜SSD,M.2 PCIe 4.0 (Gen4) SSD固態硬碟,威剛｛ADATA LEGEND 900 1TB｝/Gen4/讀7000/寫4700(單面設計)贈散熱片【五年保】,5399,,2026-09-17 23:30:17
固態硬碟 M.2｜SSD,M.2 PCIe 4.0 (Gen4) SSD固態硬碟,威剛｛ADATA LEGEND 900 2TB｝/Gen4/讀7000/寫5400(單面設計)贈散熱片【五年保】,9549,,2026-09-17 23:30:17
固態硬碟 M.2｜SSD,M.2 PCIe 4.0 (Gen4) SSD固態硬碟,威剛｛XPG S70 BLADE 512G｝/Gen4/讀7200/寫2600/ DRAM快取/贈散熱片【五年保】,3999,,2026-09-17 23:30:17
固態硬碟 M.2｜SSD,M.2 PCIe 4.0 (Gen4) SSD固態硬碟,威剛｛XPG S70 BLADE 1T｝/Gen4/讀7400/寫5500/ DRAM快取/贈散熱片【五年保】,6099,,2026-09-17 23:30:17
固態硬碟 M.2｜SSD,M.2 PCIe 4.0 (Gen4) SSD固態硬碟,威剛｛XPG S70 BLADE 2T｝/Gen4/讀7400/寫6400/ DRAM快取/贈散熱片【五年保】,11199,,2026-09-17 23:30:17
固態硬碟 M.2｜SSD,M.2 PCIe 4.0 (Gen4) SSD固態硬碟,宏碁｛Acer FA200 2TB｝/Gen4 /讀7200/寫6200/QLC顆粒【五年保】,9299,,2026-09-17 23:30:17
固態硬碟 M.2｜SSD,M.2 PCIe 4.0 (Gen4) SSD固態硬碟,宏碁｛Acer FA200 4TB｝/Gen4 /讀7100/6100/QLC顆粒【五年保】,17999,,2026-09-17 23:30:17
固態硬碟 M.2｜SSD,M.2 PCIe 4.0 (Gen4) SSD固態硬碟,宏碁｛Acer Predator GM7 512GB｝/Gen4/讀7200/寫3800/TLC/(單面設計)【五年保】,3199,,2026-09-17 23:30:17
固態硬碟 M.2｜SSD,M.2 PCIe 4.0 (Gen4) SSD固態硬碟,宏碁｛Acer Predator GM7 1TB｝/Gen4/讀7200/寫6300/TLC/(單面設計)【五年保】,5599,,2026-09-17 23:30:17
固態硬碟 M.2｜SSD,M.2 PCIe 4.0 (Gen4) SSD固態硬碟,宏碁｛Acer Predator GM7 2TB｝/Gen4/讀7200/寫6300/TLC/(單面設計)【五年保】,11099,,2026-09-17 23:30:17
固態硬碟 M.2｜SSD,M.2 PCIe 4.0 (Gen4) SSD固態硬碟,宏碁｛Acer Predator GM7 4TB｝/Gen4/讀7400/寫6500/TLC/(單面設計)【五年保】,18799,,2026-09-17 23:30:17
固態硬碟 M.2｜SSD,M.2 PCIe 4.0 (Gen4) SSD固態硬碟,宏碁｛Acer Predator GM7000 2TB｝/Gen4/讀7400/寫6700/DRAM/美光顆粒【五年保】,10690,,2026-09-17 23:30:17
固態硬碟 M.2｜SSD,M.2 PCIe 4.0 (Gen4) SSD固態硬碟,宏碁｛Acer Predator GM7000 4TB｝/Gen4/讀7400/寫6700/DRAM/美光顆粒【五年保】少量,23690,,2026-09-17 23:30:17
固態硬碟 M.2｜SSD,M.2 PCIe 4.0 (Gen4) SSD固態硬碟,｛Biwin 佰維 M350 4TB｝/Gen4/讀6000/寫5000/石墨烯散熱片 【五年保】,14990,,2026-09-17 23:30:17
固態硬碟 M.2｜SSD,M.2 PCIe 4.0 (Gen4) SSD固態硬碟,｛Biwin 佰維 NV7400 1TB｝/Gen4/讀7400/寫6500/TLC 單面設計 【五年保】,5399,,2026-09-17 23:30:17
固態硬碟 M.2｜SSD,M.2 PCIe 4.0 (Gen4) SSD固態硬碟,｛Biwin 佰維 NV7400 2TB｝/Gen4/讀7450/寫6500/TLC 單面設計 【五年保】,10899,,2026-09-17 23:30:17
固態硬碟 M.2｜SSD,M.2 PCIe 4.0 (Gen4) SSD固態硬碟,｛Biwin 佰維 NV7400 4TB｝/Gen4/讀7400/寫6500MTLC 單面設計 【五年保】,18299,,2026-09-17 23:30:17
固態硬碟 M.2｜SSD,M.2 PCIe 4.0 (Gen4) SSD固態硬碟,｛致態小翼e7 500GB｝/Gen4/PCIe 4.0/讀5500/寫4000/QLC【五年保】~送手機掛繩~,2799,,2026-09-17 23:30:17
固態硬碟 M.2｜SSD,M.2 PCIe 4.0 (Gen4) SSD固態硬碟,｛致態小翼e7 1TB｝/Gen4/PCIe 4.0/讀6000/寫5500/QLC【五年保】~送手機掛繩~,4799,,2026-09-17 23:30:17
固態硬碟 M.2｜SSD,M.2 PCIe 4.0 (Gen4) SSD固態硬碟,｛致態 ZhiTai Ti600 500G｝/Gen4/PCIe 4.0/讀6000/寫3000/QLC【五年保】~送手機掛繩~,2999,,2026-09-17 23:30:17
固態硬碟 M.2｜SSD,M.2 PCIe 4.0 (Gen4) SSD固態硬碟,｛致態 ZhiTai Ti600 1TB｝/Gen4/PCIe 4.0/讀7000/寫6000/QLC【五年保】~送手機掛繩~,4999,,2026-09-17 23:30:17
固態硬碟 M.2｜SSD,M.2 PCIe 4.0 (Gen4) SSD固態硬碟,｛致態 ZhiTai Ti600 2TB｝/Gen4/PCIe 4.0/讀7000/寫6000/QLC【五年保】~送手機掛繩~,7999,,2026-09-17 23:30:17
固態硬碟 M.2｜SSD,M.2 PCIe 4.0 (Gen4) SSD固態硬碟,｛致態 ZhiTai Ti600 4TB｝/Gen4/PCIe 4.0/讀7000/寫6000/QLC【五年保】~送手機掛繩~,14999,,2026-09-17 23:30:17
固態硬碟 M.2｜SSD,M.2 PCIe 4.0 (Gen4) SSD固態硬碟,｛致態 ZhiTai TiPlus7100s 1TB｝/Gen4/PCIe 4.0/讀7400/寫6900/TLC【五年保】~送手機掛繩~,5399,,2026-09-17 23:30:17
固態硬碟 M.2｜SSD,M.2 PCIe 4.0 (Gen4) SSD固態硬碟,｛致態 ZhiTai TiPlus7100s 2TB｝/Gen4/PCIe 4.0/讀7400/寫6900/TLC【五年保】~送手機掛繩~,9399,,2026-09-17 23:30:17
固態硬碟 M.2｜SSD,M.2 PCIe 4.0 (Gen4) SSD固態硬碟,｛致態 ZhiTai TiPlus7100s 4TB｝/Gen4/PCIe 4.0/讀7400/寫6900/TLC【五年保】~送手機掛繩~,17999,,2026-09-17 23:30:17
固態硬碟 M.2｜SSD,M.2 PCIe 4.0 (Gen4) SSD固態硬碟,｛KLEVV CRAS C930 2TB｝/Gen4 PCIe 4.0/讀7400/寫6800 DRAM快取鰭狀鋁散熱片【五年】,11088,,2026-09-17 23:30:17
固態硬碟 M.2｜SSD,M.2 PCIe 4.0 (Gen4) SSD固態硬碟,MSI 微星｛M470PRO 1TB｝/Gen4/讀6000/寫4500/QLC顆粒【五年保】,7590,,2026-09-17 23:30:17
固態硬碟 M.2｜SSD,M.2 PCIe 4.0 (Gen4) SSD固態硬碟,MSI 微星｛M470PRO 2TB｝/Gen4/讀6000/寫5000/QLC顆粒,11690,,2026-09-17 23:30:17
固態硬碟 M.2｜SSD,M.2 PCIe 4.0 (Gen4) SSD固態硬碟,MSI 微星｛M480PRO 1TB｝/Gen4/讀7400M寫6000/3D TLC顆粒/DRAM快取【五年保】,8190,,2026-09-17 23:30:17
固態硬碟 M.2｜SSD,M.2 PCIe 4.0 (Gen4) SSD固態硬碟,MSI 微星｛M480PRO 2TB｝/Gen4/讀7400/寫7000/3D TLC顆粒/DRAM快取【五年保】,12490,,2026-09-17 23:30:17
固態硬碟 M.2｜SSD,M.2 PCIe 4.0 (Gen4) SSD固態硬碟,MSI 微星｛M480PRO 4TB｝/Gen4/讀7400/寫7000/3D TLC顆粒/DRAM快取【五年保】,23690,,2026-09-17 23:30:17
固態硬碟 M.2｜SSD,M.2 PCIe 4.0 (Gen4) SSD固態硬碟,WD 藍標｛SN5100 500GB｝/Gen4 PCIe 4.0/讀7100/寫6700/QLC【五年保】,3700,,2026-09-17 23:30:17
固態硬碟 M.2｜SSD,M.2 PCIe 4.0 (Gen4) SSD固態硬碟,WD 藍標｛SN5100 1TB｝/Gen4 PCIe 4.0/讀7100/寫6700/QLC【五年保】,6780,,2026-09-17 23:30:17
固態硬碟 M.2｜SSD,M.2 PCIe 4.0 (Gen4) SSD固態硬碟,WD 藍標｛SN5100 1TB｝/Gen4 PCIe 4.0/讀7100/寫6700/QLC【五年保】~組裝價~,4990,,2026-09-17 23:30:17
固態硬碟 M.2｜SSD,M.2 PCIe 4.0 (Gen4) SSD固態硬碟,WD 黑標｛SN850X 1TB｝/Gen4 PCIe 4.0/讀7300/寫6300/TLC/電競級【五年保】,9999,,2026-09-17 23:30:17
固態硬碟 M.2｜SSD,M.2 PCIe 4.0 (Gen4) SSD固態硬碟,WD 黑標｛SN850X 2TB｝/Gen4 PCIe 4.0/讀7300/寫6600/TLC/電競級【五年保】,19100,,2026-09-17 23:30:17
固態硬碟 M.2｜SSD,M.2 PCIe 4.0 (Gen4) SSD固態硬碟,WD 黑標｛SN850X 2TB｝/含散熱片/Gen4 PCIe 4.0/讀7300/寫6600/TLC【五年保】,19700,,2026-09-17 23:30:17
固態硬碟 M.2｜SSD,M.2 PCIe 4.0 (Gen4) SSD固態硬碟,｛金士頓 NV3 500G｝/Gen4 PCIe 4.0/讀5000/寫3000【五年保】,3200,,2026-09-17 23:30:17
固態硬碟 M.2｜SSD,M.2 PCIe 4.0 (Gen4) SSD固態硬碟,｛金士頓 NV3 1TB｝/Gen4 PCIe 4.0/讀6000/寫4000【五年保】,5100,,2026-09-17 23:30:17
固態硬碟 M.2｜SSD,M.2 PCIe 4.0 (Gen4) SSD固態硬碟,｛金士頓 NV3 2TB｝/Gen4 PCIe 4.0/讀6000/寫5000【五年保】,9390,,2026-09-17 23:30:17
固態硬碟 M.2｜SSD,M.2 PCIe 4.0 (Gen4) SSD固態硬碟,｛金士頓 NV3 4TB｝/Gen4 PCIe 4.0/讀6000/寫5000【五年保】,18800,,2026-09-17 23:30:17
固態硬碟 M.2｜SSD,M.2 PCIe 4.0 (Gen4) SSD固態硬碟,｛金士頓 NV3 4TB｝/Gen4 PCIe 4.0/讀6000/寫5000【五年保】~組裝價~,16800,,2026-09-17 23:30:17
固態硬碟 M.2｜SSD,M.2 PCIe 4.0 (Gen4) SSD固態硬碟,｛金士頓 KC3000 512G｝/Gen4 PCIe 4.0/讀7000/寫3900/TLC【五年保】,4100,,2026-09-17 23:30:17
固態硬碟 M.2｜SSD,M.2 PCIe 4.0 (Gen4) SSD固態硬碟,｛金士頓 KC3000 1TB｝/Gen4 PCIe 4.0/讀7000/寫6000/TLC【五年保】,6488,,2026-09-17 23:30:17
固態硬碟 M.2｜SSD,M.2 PCIe 4.0 (Gen4) SSD固態硬碟,｛金士頓 KC3000 2TB｝/Gen4 PCIe 4.0/讀7000/寫7000/TLC【五年保】,11000,,2026-09-17 23:30:17
固態硬碟 M.2｜SSD,M.2 PCIe 4.0 (Gen4) SSD固態硬碟,｛金士頓 KC3000 4TB｝/Gen4 PCIe 4.0/讀7000/寫7000/TLC【五年保】,21600,,2026-09-17 23:30:17
固態硬碟 M.2｜SSD,M.2 PCIe 4.0 (Gen4) SSD固態硬碟,美光 Micron｛E100 2TB｝/Gen4 PCIe 4.0/讀5000/寫4500/QLC【五年保】,8190,,2026-09-17 23:30:17
固態硬碟 M.2｜SSD,M.2 PCIe 4.0 (Gen4) SSD固態硬碟,美光 Micron Crucial｛T500 2TB｝/Gen4 PCIe 4.0/讀7400/寫7000/3D TLC【五年保】,11500,,2026-09-17 23:30:17
固態硬碟 M.2｜SSD,M.2 PCIe 4.0 (Gen4) SSD固態硬碟,美光 Micron Crucial｛T500 4TB｝/Gen4 PCIe 4.0/讀7000/寫6900/3D TLC【五年保】,21500,,2026-09-17 23:30:17
固態硬碟 M.2｜SSD,M.2 PCIe 4.0 (Gen4) SSD固態硬碟,美光 Micron Crucial｛T500 1TB｝含散熱片/Gen4/讀7300/寫6800/3D TLC【五年保】,7229,,2026-09-17 23:30:17
固態硬碟 M.2｜SSD,M.2 PCIe 4.0 (Gen4) SSD固態硬碟,美光 Micron Crucial｛T500 2TB｝含散熱片/Gen4/讀7400/寫7000/3D TLC【五年保】,11618,,2026-09-17 23:30:17
固態硬碟 M.2｜SSD,M.2 PCIe 4.0 (Gen4) SSD固態硬碟,美光 Micron Crucial｛T500 4TB｝含散熱片/Gen4/讀7000/寫6900/3D TLC【五年保】,21900,,2026-09-17 23:30:17
固態硬碟 M.2｜SSD,M.2 PCIe 4.0 (Gen4) SSD固態硬碟,美光 Micron Crucial｛P310 2TB｝/Gen4 PCIe 4.0/讀7100/寫6000/3D QLC【五年保】,8500,,2026-09-17 23:30:17
固態硬碟 M.2｜SSD,M.2 PCIe 4.0 (Gen4) SSD固態硬碟,美光 Micron Crucial｛P310 4TB｝/Gen4 PCIe 4.0/讀7100/寫6000/3D QLC【五年保】,15800,,2026-09-17 23:30:17
固態硬碟 M.2｜SSD,M.2 PCIe 4.0 (Gen4) SSD固態硬碟,美光 Micron Crucial｛P310 2TB｝含散熱片/Gen4/讀7100/寫6000/3D QLC【五年保】,8550,,2026-09-17 23:30:17
固態硬碟 M.2｜SSD,M.2 PCIe 4.0 (Gen4) SSD固態硬碟,美光 Micron Crucial｛P310 4TB｝含散熱片/Gen4/讀7100/寫6000/3D QLC【五年保】,15800,,2026-09-17 23:30:17
固態硬碟 M.2｜SSD,M.2 PCIe 4.0 (Gen4) SSD固態硬碟,三星 Samsung｛990 EVO Plus 1TB｝/PCIe 4.0 x4/讀7150/寫6300/TLC【五年保】,7199,,2026-09-17 23:30:17
固態硬碟 M.2｜SSD,M.2 PCIe 4.0 (Gen4) SSD固態硬碟,三星 Samsung｛990 EVO Plus 2TB｝/PCIe 4.0 x4/讀7250/寫6300/TLC【五年保】,11999,,2026-09-17 23:30:17
固態硬碟 M.2｜SSD,M.2 PCIe 4.0 (Gen4) SSD固態硬碟,三星 Samsung｛990 EVO Plus 4TB｝/PCIe 4.0 x4/讀7250/寫6300/TLC【五年保】,20999,,2026-09-17 23:30:17
固態硬碟 M.2｜SSD,M.2 PCIe 4.0 (Gen4) SSD固態硬碟,三星 Samsung｛990 PRO 1TB｝/Gen4 PCIe 4.0/讀7450/寫6900/TLC【五年保】,9659,,2026-09-17 23:30:17
固態硬碟 M.2｜SSD,M.2 PCIe 4.0 (Gen4) SSD固態硬碟,三星 Samsung｛990 PRO 2TB｝/Gen4 PCIe 4.0/讀7450/寫6900/TLC【五年保】,16999,,2026-09-17 23:30:17
固態硬碟 M.2｜SSD,M.2 PCIe 4.0 (Gen4) SSD固態硬碟,三星 Samsung｛990 PRO 4TB｝/Gen4 PCIe 4.0/讀7450/寫6900/TLC【五年保】,27999,,2026-09-17 23:30:17
固態硬碟 M.2｜SSD,M.2 PCIe 4.0 (Gen4) SSD固態硬碟,三星 Samsung｛990 PRO 1TB｝含散熱片/Gen4/讀7450/寫6900/TLC【五年保】,9899,,2026-09-17 23:30:17
固態硬碟 M.2｜SSD,M.2 PCIe 4.0 (Gen4) SSD固態硬碟,三星 Samsung｛990 PRO 2TB｝含散熱片/Gen4/讀7450/寫6900/TLC【五年保】,13999,,2026-09-17 23:30:17
固態硬碟 M.2｜SSD,M.2 PCIe 4.0 (Gen4) SSD固態硬碟,三星 Samsung｛990 PRO 4TB｝含散熱片/Gen4/讀7450/寫6900/TLC【五年保】,24999,,2026-09-17 23:30:17
固態硬碟 M.2｜SSD,M.2 PCIe 3.0 (Gen3) SSD固態硬碟,威剛｛ADATA LEGEND 710 512G｝/Gen3/讀2400/寫1000/QLC/贈散熱片【三年保】,2999,,2026-09-17 23:30:17
固態硬碟 M.2｜SSD,M.2 PCIe 3.0 (Gen3) SSD固態硬碟,Biwin 佰維｛NV3500 512G｝(石墨烯散熱片/Gen3/讀3500/寫2500/TLC【五年保】,2699,,2026-09-17 23:30:17
固態硬碟 M.2｜SSD,M.2 PCIe 3.0 (Gen3) SSD固態硬碟,Biwin 佰維｛NV3500 1TB｝(石墨烯散熱片/Gen3/讀3500/寫2500/TLC【五年保】,4499,,2026-09-17 23:30:17
固態硬碟 M.2｜SSD,M.2 2230 PCIe 4.0 (Gen4) SSD固態硬碟,｛金士頓 NV3SM 500G｝/Cen4 PCIe 4.0/ 讀5000/寫3000【五年保】/ M.2 2230,4500,,2026-09-17 23:30:17
固態硬碟 M.2｜SSD,M.2 2230 PCIe 4.0 (Gen4) SSD固態硬碟,｛金士頓 NV3SM 1TB｝/Cen4 PCIe 4.0/ 讀:6000/寫:4000【五年保】/ M.2 2230,6888,,2026-09-17 23:30:17
固態硬碟 M.2｜SSD,M.2 2230 PCIe 4.0 (Gen4) SSD固態硬碟,｛金士頓 NV3SM 2TB｝/Cen4 PCIe 4.0/ 讀6000/寫:5000【五年保】/ M.2 2230,9999,,2026-09-17 23:30:17
固態硬碟 M.2｜SSD,M.2 2230 PCIe 4.0 (Gen4) SSD固態硬碟,｛海盜船 Corsair MP600 MINI 1TB｝Gen4/讀7000/寫6200【五年保】/ M.2 2230,7990,,2026-09-17 23:30:17
固態硬碟 M.2｜SSD,M.2 2230 PCIe 4.0 (Gen4) SSD固態硬碟,｛海盜船 Corsair MP600 MINI 2TB｝Gen4/讀7000/寫6200【五年保】/ M.2 2230,10990,,2026-09-17 23:30:17
固態硬碟 M.2｜SSD,M.2 2242 PCIe 4.0 (Gen4) SSD固態硬碟,｛海盜船 Corsair MP600 MICRO 1TB｝Gen4/讀7000/寫6200【五年保】/ M.2 2242,9990,,2026-09-17 23:30:17
固態硬碟 M.2｜SSD,M.2 2242 PCIe 4.0 (Gen4) SSD固態硬碟,｛海盜船 Corsair MP600 MICRO 2TB｝Gen4/讀7000/寫6200【五年保】/ M.2 2242,10990,,2026-09-17 23:30:17
2.5/3.5 傳統內接硬碟HDD,3.5吋 SATA3 傳統碟,Toshiba 2TB (128M/5400轉/3年保)｛DT02ABA200｝裝機版,5490,,2026-09-17 23:30:17
2.5/3.5 傳統內接硬碟HDD,3.5吋 SATA3 傳統碟,Toshiba 2TB (128M/5400轉/3年保)｛DT02ABA200｝裝機版【限搭機】,4990,,2026-09-17 23:30:17
2.5/3.5 傳統內接硬碟HDD,3.5吋 SATA3 傳統碟,Toshiba 4TB【P300系列】(128M/5400轉/3年保)｛HDWD240UZSVA｝,6790,,2026-09-17 23:30:17
2.5/3.5 傳統內接硬碟HDD,3.5吋 SATA3 傳統碟,Toshiba 4TB【X300系列】(512M/7200轉/3年保)｛HDWR740UZSVA｝【限搭機】,8890,,2026-09-17 23:30:17
2.5/3.5 傳統內接硬碟HDD,3.5吋 SATA3 傳統碟,Toshiba 6TB【X300系列】(512M/7200轉/3年保)｛HDWR760UZSVA｝【限搭機】,10990,,2026-09-17 23:30:17
2.5/3.5 傳統內接硬碟HDD,3.5吋 SATA3 傳統碟,Seagate 2TB【新梭魚】(256M/7200轉/3年保)｛ST2000DM008｝【限搭機】,4990,,2026-09-17 23:30:17
2.5/3.5 傳統內接硬碟HDD,3.5吋 SATA3 傳統碟,Seagate 4TB【新梭魚】(256M/5400轉/3年保)｛ST4000DM004｝【限搭機】,6250,,2026-09-17 23:30:17
2.5/3.5 傳統內接硬碟HDD,3.5吋 SATA3 傳統碟,Seagate 8TB【新梭魚】(256M/5400轉/3年保)｛ST8000DM004｝【限搭機】,10890,,2026-09-17 23:30:17
2.5/3.5 傳統內接硬碟HDD,3.5吋 SATA3 傳統碟,Seagate 16TB【新梭魚】(512M/7200轉/2年保)｛ST16000DM001｝【限搭機】,18890,,2026-09-17 23:30:17
2.5/3.5 傳統內接硬碟HDD,3.5吋 SATA3 傳統碟,Seagate 20TB【新梭魚】(512M/7200轉/2年保)｛ST20000DM001｝【限搭機】,23530,,2026-09-17 23:30:17
2.5/3.5 傳統內接硬碟HDD,3.5吋 SATA3 傳統碟,Seagate 24TB【新梭魚】(512M/7200轉/2年保)｛ST24000DM001｝【限搭機】,27890,,2026-09-17 23:30:17
2.5/3.5 傳統內接硬碟HDD,3.5吋 SATA3 傳統碟,WD 1TB【藍標】(64M/5400轉/3年保)｛WD10EARZ｝【限搭機】,4890,,2026-09-17 23:30:17
2.5/3.5 傳統內接硬碟HDD,3.5吋 SATA3 傳統碟,WD 2TB【藍標】(256M/7200轉/3年保)｛WD20EZBX｝【限搭機】,5890,,2026-09-17 23:30:17
2.5/3.5 傳統內接硬碟HDD,3.5吋 SATA3 傳統碟,WD 3TB【藍標】(128M/5400轉/3年保)｛WD30EZZX｝,6390,,2026-09-17 23:30:17
2.5/3.5 傳統內接硬碟HDD,3.5吋 SATA3 傳統碟,WD 4TB【藍標】(128M/5400轉/3年保)｛WD40EZZX｝【限搭機】,6890,,2026-09-17 23:30:17
2.5/3.5 傳統內接硬碟HDD,3.5吋 SATA3 傳統碟,WD 6TB【藍標】(256M/5400轉/3年保)｛WD60EZAX｝【限搭機】,9090,,2026-09-17 23:30:17
2.5/3.5 傳統內接硬碟HDD,3.5吋 SATA3 傳統碟,WD 8TB【藍標】(256M/5640轉/3年保)｛WD80EAAZ｝【限搭機】,11890,,2026-09-17 23:30:17
2.5/3.5 傳統內接硬碟HDD,3.5吋 SATA3 傳統碟,WD 10TB【藍標】(512M/7200轉/3年保)｛WD100EAGZ｝【限搭機】,14890,,2026-09-17 23:30:17
2.5/3.5 傳統內接硬碟HDD,3.5吋 SATA3 監控碟,Toshiba 2TB【S300系列】【監控型】128MB/5400轉/3年保｛HDWT720UZSVA｝,5790,,2026-09-17 23:30:17
2.5/3.5 傳統內接硬碟HDD,3.5吋 SATA3 監控碟,Toshiba 4TB【S300系列】【監控型】256MB/5400轉/3年保｛HDWT840UZSVA｝,7790,,2026-09-17 23:30:17
2.5/3.5 傳統內接硬碟HDD,3.5吋 SATA3 監控碟,Toshiba 6TB【S300系列】【監控型】256MB/5400轉/3年保｛HDWT860UZSVA｝,9790,,2026-09-17 23:30:17
2.5/3.5 傳統內接硬碟HDD,3.5吋 SATA3 監控碟,Toshiba 4TB【S300 Pro系列】【監控型】512MB/7200轉/5年保｛HDWTA40UZSVA｝,9490,,2026-09-17 23:30:17
2.5/3.5 傳統內接硬碟HDD,3.5吋 SATA3 監控碟,Toshiba 6TB【S300 Pro系列】【監控型】512MB/7200轉/5年保｛HDWTA60UZSVA｝,11390,,2026-09-17 23:30:17
2.5/3.5 傳統內接硬碟HDD,3.5吋 SATA3 監控碟,Toshiba 8TB【S300 Pro系列】【監控型】512MB/7200轉/5年保｛HDWTA80UZSVA｝,13900,,2026-09-17 23:30:17
2.5/3.5 傳統內接硬碟HDD,3.5吋 SATA3 監控碟,Seagate 4TB【監控鷹】(256M/5400轉/3年保/3年 Rescue)｛ST4000VX016｝【限搭機】,6850,,2026-09-17 23:30:17
2.5/3.5 傳統內接硬碟HDD,3.5吋 SATA3 監控碟,Seagate 6TB【監控鷹】(256M/5400轉/3年保/3年 Rescue)｛ST6000VX009｝【少量到貨】,10350,,2026-09-17 23:30:17
2.5/3.5 傳統內接硬碟HDD,3.5吋 SATA3 監控碟,Seagate 8TB【監控鷹AI】(256M/7200轉/5年保/3年 Rescue)｛ST8000VE001｝【限搭機】,13390,,2026-09-17 23:30:17
2.5/3.5 傳統內接硬碟HDD,3.5吋 SATA3 監控碟,Seagate 10TB【監控鷹AI】(256M/7200轉/5年保/3年 Rescue)｛ST10000VE001｝【限搭機】,15390,,2026-09-17 23:30:17
2.5/3.5 傳統內接硬碟HDD,3.5吋 SATA3 監控碟,Seagate 20TB【監控鷹AI】(512M/7200轉/5年保/3年 Rescue)｛ST20000VE003｝【限搭機】,27890,,2026-09-17 23:30:17
2.5/3.5 傳統內接硬碟HDD,3.5吋 SATA3 監控碟,WD 2TB【紫標】64M/5400轉/3年保｛WD23PURZ｝【限搭機】,6090,,2026-09-17 23:30:17
2.5/3.5 傳統內接硬碟HDD,3.5吋 SATA3 監控碟,WD 3TB【紫標】128M/5400轉/3年保｛WD34PURZ｝【限搭機】,6690,,2026-09-17 23:30:17
2.5/3.5 傳統內接硬碟HDD,3.5吋 SATA3 監控碟,WD 6TB【紫標】256M/5400轉/3年保｛WD64PURZ｝【限搭機】,9890,,2026-09-17 23:30:17
2.5/3.5 傳統內接硬碟HDD,3.5吋 SATA3 監控碟,WD 8TB【紫標PRO】256M/7200轉/5年保｛WD8002PURP｝【限搭機】,14290,,2026-09-17 23:30:17
2.5/3.5 傳統內接硬碟HDD,3.5吋 SATA3 監控碟,WD 10TB【紫標PRO】512M/7200轉/5年保｛WD102PURP｝【限搭機】,17490,,2026-09-17 23:30:17
2.5/3.5 傳統內接硬碟HDD,3.5吋 SATA3 監控碟,WD 12TB【紫標PRO】512M/7200轉/5年保｛WD122PURP｝【限搭機】,19890,,2026-09-17 23:30:17
2.5/3.5 傳統內接硬碟HDD,3.5吋 SATA3 NAS碟,Toshiba 4TB【NAS碟】512M/7200轉/3年保｛HDWG740AZSTC｝【限搭機】,9590,,2026-09-17 23:30:17
2.5/3.5 傳統內接硬碟HDD,3.5吋 SATA3 NAS碟,Toshiba 6TB【NAS碟】512M/7200轉/3年保｛HDWG760AZSTA｝【限搭機】,12290,,2026-09-17 23:30:17
2.5/3.5 傳統內接硬碟HDD,3.5吋 SATA3 NAS碟,Toshiba 8TB【NAS碟】512M/7200轉/3年保｛HDWG780AZSTA｝【限搭機】,14390,,2026-09-17 23:30:17
2.5/3.5 傳統內接硬碟HDD,3.5吋 SATA3 NAS碟,Toshiba 10TB【NAS碟】512M/7200轉/3年保｛HDWG71AAZSTA｝【限搭機】,16700,,2026-09-17 23:30:17
2.5/3.5 傳統內接硬碟HDD,3.5吋 SATA3 NAS碟,Toshiba 12TB【NAS碟】512M/7200轉/3年保｛HDWG51CAZSTA｝【限搭機】,18900,,2026-09-17 23:30:17
2.5/3.5 傳統內接硬碟HDD,3.5吋 SATA3 NAS碟,Toshiba 14TB【NAS碟】512M/7200轉/3年保｛HDWG51EAZSTA｝【限搭機】,22700,,2026-09-17 23:30:17
2.5/3.5 傳統內接硬碟HDD,3.5吋 SATA3 NAS碟,Toshiba 16TB【NAS碟】512M/7200轉/3年保｛HDWG51GAZSTA｝【限搭機】,24700,,2026-09-17 23:30:17
2.5/3.5 傳統內接硬碟HDD,3.5吋 SATA3 NAS碟,Toshiba 18TB【NAS碟】512M/7200轉/3年保｛HDWG51JAZSTA｝【限搭機】,26700,,2026-09-17 23:30:17
2.5/3.5 傳統內接硬碟HDD,3.5吋 SATA3 NAS碟,Toshiba 20TB【NAS碟】512M/7200轉/3年保｛HDWG62AAZSTA｝【限搭機】,29700,,2026-09-17 23:30:17
2.5/3.5 傳統內接硬碟HDD,3.5吋 SATA3 NAS碟,Toshiba 22TB【NAS碟】512M/7200轉/3年保｛HDWG62CAZSTA｝【限搭機】,33000,,2026-09-17 23:30:17
2.5/3.5 傳統內接硬碟HDD,3.5吋 SATA3 NAS碟,Seagate 2TB【那嘶狼】256M/5400轉/3年保/3年 Rescue｛ST2000VN003｝【限搭機】,5550,,2026-09-17 23:30:17
2.5/3.5 傳統內接硬碟HDD,3.5吋 SATA3 NAS碟,Seagate 4TB【那嘶狼】256M/5400轉/3年保/3年 Rescue｛ST4000VN006｝【限搭機】,6950,,2026-09-17 23:30:17
2.5/3.5 傳統內接硬碟HDD,3.5吋 SATA3 NAS碟,Seagate 6TB【那嘶狼】256M/5400轉/3年保/3年 Rescue｛ST6000VN006｝【限搭機】,10450,,2026-09-17 23:30:17
2.5/3.5 傳統內接硬碟HDD,3.5吋 SATA3 NAS碟,Seagate 8TB【那嘶狼】256M/5400轉/3年保/3年 Rescue｛ST8000VN002｝【限搭機】,11890,,2026-09-17 23:30:17
2.5/3.5 傳統內接硬碟HDD,3.5吋 SATA3 NAS碟,Seagate 10TB【那嘶狼】256M/7200轉/3年保/3年 Rescue｛ST10000VN000｝【限搭機】,13890,,2026-09-17 23:30:17
2.5/3.5 傳統內接硬碟HDD,3.5吋 SATA3 NAS碟,Seagate 12TB【那嘶狼】256M/7200轉/3年保3年 Rescue｛ST12000VN0008｝【限搭機】,16390,,2026-09-17 23:30:17
2.5/3.5 傳統內接硬碟HDD,3.5吋 SATA3 NAS碟,Seagate 4TB【那嘶狼 PRO】256M/7200轉/5年保/3年 Rescue｛ST4000NT001｝【限搭機】,8450,,2026-09-17 23:30:17
2.5/3.5 傳統內接硬碟HDD,3.5吋 SATA3 NAS碟,Seagate 8TB【那嘶狼 PRO】256M/7200轉/5年保/3年 Rescue｛ST8000NT001｝【限搭機】,13390,,2026-09-17 23:30:17
2.5/3.5 傳統內接硬碟HDD,3.5吋 SATA3 NAS碟,Seagate 10TB【那嘶狼 PRO】256M/7200轉/5年保/3年 Rescue｛ST10000NT001｝【限搭機】,15390,,2026-09-17 23:30:17
2.5/3.5 傳統內接硬碟HDD,3.5吋 SATA3 NAS碟,Seagate 12TB【那嘶狼 PRO】256M/7200轉/5年保/3年 Rescue｛ST12000NT001｝【限搭機】,17890,,2026-09-17 23:30:17
2.5/3.5 傳統內接硬碟HDD,3.5吋 SATA3 NAS碟,Seagate 16TB【那嘶狼 PRO】256M/7200轉/5年/3年 Rescue｛ST16000NT001｝【限搭機】,22890,,2026-09-17 23:30:17
2.5/3.5 傳統內接硬碟HDD,3.5吋 SATA3 NAS碟,Seagate 20TB【那嘶狼 PRO】256M/7200轉/5年/3年 Rescue｛ST20000NT001｝【限搭機】,27890,,2026-09-17 23:30:17
2.5/3.5 傳統內接硬碟HDD,3.5吋 SATA3 NAS碟,Seagate 24TB【那嘶狼 PRO】512M/7200轉/5年/3年 Rescue｛ST24000NT002｝,32890,,2026-09-17 23:30:17
2.5/3.5 傳統內接硬碟HDD,3.5吋 SATA3 NAS碟,Seagate 28TB【那嘶狼 PRO】512M/7200轉/5年/3年 Rescue｛ST28000NT000｝【限搭機】,37890,,2026-09-17 23:30:17
2.5/3.5 傳統內接硬碟HDD,3.5吋 SATA3 NAS碟,Seagate 30TB【那嘶狼 PRO】512M/7200轉/5年/3年 Rescue｛ST30000NT011｝【限搭機】,39890,,2026-09-17 23:30:17
2.5/3.5 傳統內接硬碟HDD,3.5吋 SATA3 NAS碟,Seagate 32TB【那嘶狼 PRO】512M/7200轉/5年/3年 Rescue｛ST32000NT000｝【限搭機】,41890,,2026-09-17 23:30:17
2.5/3.5 傳統內接硬碟HDD,3.5吋 SATA3 NAS碟,WD 2TB【紅標Plus】64M/5400轉/3年保｛WD20EFPX｝【限搭機】,6190,,2026-09-17 23:30:17
2.5/3.5 傳統內接硬碟HDD,3.5吋 SATA3 NAS碟,WD 4TB【紅標Plus】128M/5400轉/3年保｛WD40EFZZ｝【限搭機】,7890,,2026-09-17 23:30:17
2.5/3.5 傳統內接硬碟HDD,3.5吋 SATA3 NAS碟,WD 8TB【紅標Plus】256M/5640轉/3年保｛WD80EFPX｝【限搭機】,13490,,2026-09-17 23:30:17
2.5/3.5 傳統內接硬碟HDD,3.5吋 SATA3 NAS碟,WD 12TB【紅標PRO】512M/7200轉/5年保｛WD122KFBX｝【限搭機】,19890,,2026-09-17 23:30:17
2.5/3.5 傳統內接硬碟HDD,3.5吋 SATA3 NAS碟,WD 16TB【紅標PRO】512M/7200轉/5年保｛WD161KFGX｝【限搭機】,26890,,2026-09-17 23:30:17
2.5/3.5 傳統內接硬碟HDD,3.5吋 SATA3 企業碟,Toshiba 4TB【企業級】512M/7200轉/5年保｛MG10ADA400E｝【限搭機】,11500,,2026-09-17 23:30:17
2.5/3.5 傳統內接硬碟HDD,3.5吋 SATA3 企業碟,Toshiba 8TB【企業級】512MB/7200轉/5年保｛MG10ADA800E｝【限搭機】,18700,,2026-09-17 23:30:17
2.5/3.5 傳統內接硬碟HDD,3.5吋 SATA3 企業碟,Toshiba 12TB【企業級】512MB/7200轉/5年保｛MG09ACA12TE｝【限搭機】,21200,,2026-09-17 23:30:17
2.5/3.5 傳統內接硬碟HDD,3.5吋 SATA3 企業碟,Seagate 4TB【EXOS企業碟】256MB/7200轉/5年保｛ST4000NM024B｝【限搭機】,9490,,2026-09-17 23:30:17
2.5/3.5 傳統內接硬碟HDD,3.5吋 SATA3 企業碟,Seagate 8TB【EXOS企業碟】256MB/7200轉/5年保｛ST8000NM017B｝【限搭機】,14390,,2026-09-17 23:30:17
2.5/3.5 傳統內接硬碟HDD,3.5吋 SATA3 企業碟,Seagate 10TB【EXOS企業碟】256MB/7200轉/5年保｛ST10000NM0017B｝,16390,,2026-09-17 23:30:17
2.5/3.5 傳統內接硬碟HDD,3.5吋 SATA3 企業碟,Seagate 12TB【EXOS企業碟】512MB/7200轉/5年保｛ST12000NM002H｝,18890,,2026-09-17 23:30:17
2.5/3.5 傳統內接硬碟HDD,3.5吋 SATA3 企業碟,Seagate 16TB【EXOS企業碟】512MB/7200轉/5年保｛ST16000NM002H｝【限搭機】,23890,,2026-09-17 23:30:17
2.5/3.5 傳統內接硬碟HDD,3.5吋 SATA3 企業碟,Seagate 20TB【EXOS企業碟】512MB/7200轉/5年保｛ST20000NM002H｝【限搭機】,28890,,2026-09-17 23:30:17
2.5/3.5 傳統內接硬碟HDD,3.5吋 SATA3 企業碟,Seagate 24TB【EXOS企業碟】512MB/7200轉/5年保｛ST24000NM002H｝,33890,,2026-09-17 23:30:17
2.5/3.5 傳統內接硬碟HDD,3.5吋 SATA3 企業碟,Seagate 30TB【EXOS企業碟】512MB/7200轉/5年保｛ST30000NM004K｝【限搭機】,40890,,2026-09-17 23:30:17
2.5/3.5 傳統內接硬碟HDD,3.5吋 SATA3 企業碟,Seagate 32TB【EXOS企業碟】512MB/7200轉/5年保｛ST32000NM004K｝【限搭機】,42890,,2026-09-17 23:30:17
2.5/3.5 傳統內接硬碟HDD,3.5吋 SATA3 企業碟,WD 8TB【Ultrastar DC HA340】256MB/7200轉/5年保｛WUS721208BLE6L4｝【限搭機】,15290,,2026-09-17 23:30:17
2.5/3.5 傳統內接硬碟HDD,3.5吋 SATA3 企業碟,WD 20TB【Ultrastar DC HC560】512MB/7200轉/5年保｛WUH722020BLE6L4｝【限搭機】,33490,,2026-09-17 23:30:17
2.5/3.5 傳統內接硬碟HDD,3.5吋 SATA3 企業碟,WD 26TB【Ultrastar DC HC590】512MB/7200轉/5年保｛WUH722626ALE6L4｝【限搭機】,43490,,2026-09-17 23:30:17
2.5/3.5 傳統內接硬碟HDD,3.5吋 SATA3 企業碟,WD 8TB【金標】256MB/7200轉/5年保｛WD8005FRYZ｝【限搭機】,15290,,2026-09-17 23:30:17
2.5/3.5 傳統內接硬碟HDD,3.5吋 SATA3 企業碟,WD 10TB【金標】512MB/7200轉/5年保｛WD103KRYZ｝【限搭機】,18490,,2026-09-17 23:30:17
2.5/3.5 傳統內接硬碟HDD,3.5吋 SATA3 企業碟,WD 12TB【金標】512MB/7200轉/5年保｛WD122KRYZ｝【限搭機】,21490,,2026-09-17 23:30:17
2.5/3.5 傳統內接硬碟HDD,3.5吋 SATA3 企業碟,WD 16TB【金標】512MB/7200轉/5年保｛WD161KRYZ｝【限搭機】,28490,,2026-09-17 23:30:17
2.5/3.5 傳統內接硬碟HDD,3.5吋 SATA3 企業碟,WD 18TB【金標】512MB/7200轉/5年保｛WD181KRYZ｝【限搭機】,29890,,2026-09-17 23:30:17
2.5/3.5 傳統內接硬碟HDD,3.5吋 SATA3 企業碟,WD 20TB【金標】512MB/7200轉/5年保｛WD203KRYZ｝,33490,,2026-09-17 23:30:17
2.5/3.5 傳統內接硬碟HDD,3.5吋 SATA3 企業碟,WD 24TB【金標】512MB/7200轉/5年保｛WD242KRYZ｝【限搭機】,39890,,2026-09-17 23:30:17
2.5/3.5 傳統內接硬碟HDD,3.5吋 SATA3 企業碟,WD 26TB【金標】512MB/7200轉/5年保｛WD261KRYZ｝,43490,,2026-09-17 23:30:17
2.5/3.5 傳統內接硬碟HDD,2.5吋 SATA3 筆記型,Toshiba 2TB (2.5吋/5400轉/128M/9.5mm/2年保)｛MQ04ABD200｝【限搭機】,6590,,2026-09-17 23:30:17
2.5/3.5 傳統內接硬碟HDD,2.5吋 SATA3 筆記型,Seagate 2TB【新梭魚】(2.5吋/5400轉/128M/7mm/2年保)｛ST2000LM015｝【限搭機】,4390,,2026-09-17 23:30:17
2.5/3.5 傳統內接硬碟HDD,2.5吋 SATA3 筆記型,WD 2TB【藍標】(2.5吋/5400轉/128M/7mm/2年保)｛WD20SPZX｝【限搭機】,6690,,2026-09-17 23:30:17
散熱器｜散熱墊｜散熱膏,M.2 SSD散熱片,｛利民 M.2 2280 TYPE A B｝SSD 固態硬碟散熱片/鋁合金/單雙面皆適用,199,,2026-09-17 23:30:17
散熱器｜散熱墊｜散熱膏,M.2 SSD散熱片,｛利民 M.2 2280 PRO｝SSD 固態硬碟散熱片/鋁合金+8 mm純銅導管/單雙面皆適用,400,,2026-09-17 23:30:17
散熱器｜散熱墊｜散熱膏,M.2 SSD散熱片,｛利民 HR-09 2280｝SSD 固態硬碟散熱器/6 mm熱導管/電鍍鰭片/單雙面皆適用,550,,2026-09-17 23:30:17
散熱器｜散熱墊｜散熱膏,M.2 SSD散熱片,｛利民 HR-10 2280 PRO｝SSD 固態硬碟散熱器/4導管/3CM PWM扇/單雙面適用/一年,690,,2026-09-17 23:30:17
散熱器｜散熱墊｜散熱膏,M.2 SSD散熱片,"｛利民 HR-10 2280 PRO DIGITAL 黑｝SSD散熱器/4導管/溫度,傳輸監控/3cm風扇/一年",890,,2026-09-17 23:30:17
散熱器｜散熱墊｜散熱膏,M.2 SSD散熱片,"｛利民 HR-10 2280 PRO DIGITAL 白｝SSD散熱器/4導管/溫度,傳輸監控/3cm風扇/一年",890,,2026-09-17 23:30:17
散熱器｜散熱墊｜散熱膏,M.2 SSD散熱片,｛喬思伯 M.2-6 紅｝固態硬碟散熱器/2280/鋁合金/單雙面皆適用,199,,2026-09-17 23:30:17
散熱器｜散熱墊｜散熱膏,M.2 SSD散熱片,｛喬思伯 M201 黑｝固態硬碟散熱器/2280/格柵式鋁合金散熱片/單雙面皆適用,249,,2026-09-17 23:30:17
散熱器｜散熱墊｜散熱膏,M.2 SSD散熱片,｛喬思伯 M201 銀｝固態硬碟散熱器/2280/格柵式鋁合金散熱片/單雙面皆適用,249,,2026-09-17 23:30:17
散熱器｜散熱墊｜散熱膏,M.2 SSD散熱片,｛喬思伯 M202 黑｝固態硬碟散熱器/2280/巧克力造型全鋁散熱塊/單雙面皆適用,249,,2026-09-17 23:30:17
散熱器｜散熱墊｜散熱膏,M.2 SSD散熱片,｛喬思伯 M202 灰｝固態硬碟散熱器/2280/巧克力造型全鋁散熱塊/單雙面皆適用,249,,2026-09-17 23:30:17
散熱器｜散熱墊｜散熱膏,ID-COOLING 散熱器【2年保固】,｛ID-COOLING IS-40X 散熱器｝下吹式/4導管/高4.5/全黑化/TDP:100W【WXZ】,790,,2026-09-17 23:30:17
散熱器｜散熱墊｜散熱膏,ID-COOLING 散熱器【2年保固】,｛ID-COOLING IS-50X 散熱器｝下吹式/5導管/高5.5/全黑化/TDP:105W【WXZ】,890,,2026-09-17 23:30:17
散熱器｜散熱墊｜散熱膏,ID-COOLING 散熱器【2年保固】,｛ID-COOLING FROZN A410 DK 黑化版｝4導管/雙風扇/高15.2/TDP:230W【WXZ】,790,,2026-09-17 23:30:17
散熱器｜散熱墊｜散熱膏,ID-COOLING 散熱器【2年保固】,｛ID-COOLING FROZN A410 DW 白化版｝4導管/雙風扇/高15.2/TDP:230W【WXZ】,790,,2026-09-17 23:30:17
散熱器｜散熱墊｜散熱膏,ID-COOLING 散熱器【2年保固】,｛ID-COOLING FROZN A620 PRO SE｝6導管/雙塔雙扇/高15.7/TDP:260W【WXZ】,1090,,2026-09-17 23:30:17
散熱器｜散熱墊｜散熱膏,ID-COOLING 散熱器【2年保固】,｛ID-COOLING FROZN A620 PRO SE ARGB 黑｝6導管/雙塔雙扇/高15.7【WXZ】,1290,,2026-09-17 23:30:17
散熱器｜散熱墊｜散熱膏,ID-COOLING 散熱器【2年保固】,｛ID-COOLING FROZN A620 PRO SE ARGB 白｝6導管/雙塔雙扇/高15.7【WXZ】,1290,,2026-09-17 23:30:17
散熱器｜散熱墊｜散熱膏,ID-COOLING 散熱器【2年保固】,｛ID-COOLING FROZN A610 ARGB 黑｝6導管/高15.5/全黑化/偏移不干涉【WXZ】,1290,,2026-09-17 23:30:17
散熱器｜散熱墊｜散熱膏,ID-COOLING 散熱器【2年保固】,｛ID-COOLING FROZN A610 ARGB 白｝6導管/高15.5/白化版/偏移不干涉【WXZ】,1290,,2026-09-17 23:30:17
散熱器｜散熱墊｜散熱膏,利民 Thermalright(索摩樂) 散熱器,｛利民 AXP90-X47 下吹式｝4導管(6mm)/高4.7cm/AGHP 逆重力導管【WXZ】,950,,2026-09-17 23:30:17
散熱器｜散熱墊｜散熱膏,利民 Thermalright(索摩樂) 散熱器,｛利民 AXP90-X47 白化版 下吹式｝4導管(6mm)/高4.7cm/AGHP 逆重力導管【WXZ】,1050,,2026-09-17 23:30:17
散熱器｜散熱墊｜散熱膏,利民 Thermalright(索摩樂) 散熱器,｛利民 AXP120-X67 下吹式｝6導管(6mm)/TL-C12015薄扇/高6.7cm【WXZ】,1390,,2026-09-17 23:30:17
散熱器｜散熱墊｜散熱膏,利民 Thermalright(索摩樂) 散熱器,｛利民 SI-100 下吹式｝6導管(6mm)/TL-E12風扇/高10cm/AGHP 逆重力導管【WXZ】,1190,,2026-09-17 23:30:17
散熱器｜散熱墊｜散熱膏,利民 Thermalright(索摩樂) 散熱器,｛利民 Assassin King 120 SE｝5導管(6mm)/高14.8cm/AGHP 逆重力導管【WXZ】,690,,2026-09-17 23:30:17
散熱器｜散熱墊｜散熱膏,利民 Thermalright(索摩樂) 散熱器,｛利民 Assassin Spirit 120 V2 Plus 刺靈｝4導管(6mm)/正反向雙扇/高15.4cm【WXZ】,790,,2026-09-17 23:30:17
散熱器｜散熱墊｜散熱膏,利民 Thermalright(索摩樂) 散熱器,｛利民 Assassin X 120 R Digital 黑｝4導管(6mm)/高15.1cm/溫度監控【WXZ】,890,,2026-09-17 23:30:17
散熱器｜散熱墊｜散熱膏,利民 Thermalright(索摩樂) 散熱器,｛利民 Assassin X 120 R Digital 白｝4導管(6mm)/高15.1cm/溫度監控【WXZ】,890,,2026-09-17 23:30:17
散熱器｜散熱墊｜散熱膏,利民 Thermalright(索摩樂) 散熱器,｛利民 Burst Assassin 120｝6導管(6mm)/高15.4cm【WXZ】,990,,2026-09-17 23:30:17
散熱器｜散熱墊｜散熱膏,利民 Thermalright(索摩樂) 散熱器,｛利民 Burst Assassin 120 ARGB｝6導管(6mm)/高15.4cm【WXZ】,1050,,2026-09-17 23:30:17
散熱器｜散熱墊｜散熱膏,利民 Thermalright(索摩樂) 散熱器,｛利民 Royal Knight 120｝6導管(6mm)/雙塔雙扇/高15.6cm/偏移不干涉【WXZ】,1390,,2026-09-17 23:30:17
散熱器｜散熱墊｜散熱膏,利民 Thermalright(索摩樂) 散熱器,｛利民 Peerless Assassin 120 MINI 黑化版｝6導管/雙塔單扇/高13.5cm【WXZ】,1250,,2026-09-17 23:30:17
散熱器｜散熱墊｜散熱膏,利民 Thermalright(索摩樂) 散熱器,｛利民 Peerless Assassin 120 MINI 白化版｝6導管/雙塔單扇/高13.5cm【WXZ】,1250,,2026-09-17 23:30:17
散熱器｜散熱墊｜散熱膏,利民 Thermalright(索摩樂) 散熱器,｛利民 Peerless Assassin 120 V3 黑｝6導管(6mm)/雙塔雙扇/高15.7cm【WXZ】,1190,,2026-09-17 23:30:17
散熱器｜散熱墊｜散熱膏,利民 Thermalright(索摩樂) 散熱器,｛利民 Peerless Assassin 120 V3 白｝6導管(6mm)/雙塔雙扇/高15.7cm【WXZ】,1190,,2026-09-17 23:30:17
散熱器｜散熱墊｜散熱膏,利民 Thermalright(索摩樂) 散熱器,｛利民 Peerless Assassin 120 SE ARGB 白化版｝6導管/雙塔雙扇/高15.5cm【WXZ】,1490,,2026-09-17 23:30:17
散熱器｜散熱墊｜散熱膏,利民 Thermalright(索摩樂) 散熱器,｛利民 Peerless Assassin 120 Digital ARGB 黑｝6管/雙塔雙扇/高16.2/數位監控【WXZ】,1690,,2026-09-17 23:30:17
散熱器｜散熱墊｜散熱膏,利民 Thermalright(索摩樂) 散熱器,｛利民 Peerless Assassin 120 Digital ARGB 白｝6管/雙塔雙扇/高16.2/數位監控【WXZ】,1690,,2026-09-17 23:30:17
散熱器｜散熱墊｜散熱膏,利民 Thermalright(索摩樂) 散熱器,｛利民 Peerless Assassin 120 Vision Max ARGB 黑｝6管/雙塔/高16.4/5吋液晶【WXZ】,2590,,2026-09-17 23:30:17
散熱器｜散熱墊｜散熱膏,利民 Thermalright(索摩樂) 散熱器,｛利民 Peerless Assassin 120 Vision Max ARGB 白｝6管/雙塔/高16.4/5吋液晶【WXZ】,2590,,2026-09-17 23:30:17
散熱器｜散熱墊｜散熱膏,利民 Thermalright(索摩樂) 散熱器,｛利民 Peerless Assassin 140 黑化版｝6導管(6mm)/雙塔12+14雙扇/高15.8cm【WXZ】,1600,,2026-09-17 23:30:17
散熱器｜散熱墊｜散熱膏,利民 Thermalright(索摩樂) 散熱器,｛利民 Peerless Assassin 140 白化版｝6導管(6mm)/雙塔12+14雙扇/高15.8cm【WXZ】,1600,,2026-09-17 23:30:17
散熱器｜散熱墊｜散熱膏,利民 Thermalright(索摩樂) 散熱器,｛利民 Phantom Spirit 120｝7導管(6mm)/雙塔雙扇/高15.7cm/陽極黑上蓋【WXZ】,1490,,2026-09-17 23:30:17
散熱器｜散熱墊｜散熱膏,利民 Thermalright(索摩樂) 散熱器,｛利民 Phantom Spirit 120 EVO｝7導管(6mm)/雙塔雙扇(ARGB)/高15.7/全黑化【WXZ】,1890,,2026-09-17 23:30:17
散熱器｜散熱墊｜散熱膏,利民 Thermalright(索摩樂) 散熱器,｛利民 Frost Commander 140｝5導管(8mm)/雙塔12+14雙扇/高16cm【WXZ】,1990,,2026-09-17 23:30:17
散熱器｜散熱墊｜散熱膏,利民 Thermalright(索摩樂) 散熱器,｛利民 Frost Commander 140 黑化版｝5導管(8mm)/雙塔12+14雙扇/高16cm【WXZ】,2190,,2026-09-17 23:30:17
散熱器｜散熱墊｜散熱膏,利民 Thermalright(索摩樂) 散熱器,｛利民 Frost Commander 140 白化版｝5導管(8mm)/雙塔12+14雙扇/高16cm【WXZ】,2290,,2026-09-17 23:30:17
散熱器｜散熱墊｜散熱膏,DEEPCOOL 九州風神【3年保固】,｛九州風神 AG400｝4導管(6mm)/高15cm【WXZ】,590,,2026-09-17 23:30:17
散熱器｜散熱墊｜散熱膏,DEEPCOOL 九州風神【3年保固】,｛九州風神 AG400 PLUS｝4導管(6mm)/雙風扇/高15cm/TDP:220W【WXZ】,790,,2026-09-17 23:30:17
散熱器｜散熱墊｜散熱膏,DEEPCOOL 九州風神【3年保固】,｛九州風神 AG400 ARGB｝4導管(6mm)/高15cm/TDP:220W【WXZ】,690,,2026-09-17 23:30:17
散熱器｜散熱墊｜散熱膏,DEEPCOOL 九州風神【3年保固】,｛九州風神 AG500｝5導管(6mm)/高15.5cm/TDP:240W【WXZ】,690,,2026-09-17 23:30:17
散熱器｜散熱墊｜散熱膏,DEEPCOOL 九州風神【3年保固】,｛九州風神 AG600｝6導管(6mm)/高15cm/偏移不干涉【XZ】,990,,2026-09-17 23:30:17
散熱器｜散熱墊｜散熱膏,DEEPCOOL 九州風神【3年保固】,｛九州風神 AG620 G2｝6導管(6mm)/雙塔雙扇/高15.9cm/CCT2.0並管工藝【XZ】,1190,,2026-09-17 23:30:17
散熱器｜散熱墊｜散熱膏,DEEPCOOL 九州風神【3年保固】,｛九州風神 AG620 G2 ARGB｝6導管(6mm)/雙塔雙扇/高15.9/CCT2.0並管工藝【XZ】,1390,,2026-09-17 23:30:17
散熱器｜散熱墊｜散熱膏,DEEPCOOL 九州風神【3年保固】,｛九州風神 AG620 WH ARGB V2 白化版｝6導管(6mm)/雙塔雙扇/高16.1cm【WXZ】,1490,,2026-09-17 23:30:17
散熱器｜散熱墊｜散熱膏,DEEPCOOL 九州風神【3年保固】,｛九州風神 AG620 DIGITAL｝6導管/雙塔雙扇/高16.1/溫度顯示/TDP:260W【WXZ】,1190,,2026-09-17 23:30:17
散熱器｜散熱墊｜散熱膏,DEEPCOOL 九州風神【3年保固】,｛九州風神 AK700 DIGITAL NYX｝7導管/高15.7/溫度顯示/智能停轉+反轉設計【WXZ】,1990,,2026-09-17 23:30:17
散熱器｜散熱墊｜散熱膏,DEEPCOOL 九州風神【3年保固】,｛九州風神 AK700 DIGITAL WH 白｝7導管/高15.7/溫度顯示/智能停轉+反轉設計【WXZ】,1990,,2026-09-17 23:30:17
散熱器｜散熱墊｜散熱膏,DEEPCOOL 九州風神【3年保固】,｛九州風神 ASSASSIN IV 阿薩辛4 黑｝7導管/雙塔反葉扇/高16.4cm/不干涉/6年【WXZ】,3290,,2026-09-17 23:30:17
散熱器｜散熱墊｜散熱膏,DEEPCOOL 九州風神【3年保固】,｛九州風神 ASSASSIN IV 阿薩辛4 白｝7導管/雙塔反葉扇/高16.4cm/不干涉/6年【WXZ】,3390,,2026-09-17 23:30:17
散熱器｜散熱墊｜散熱膏,DEEPCOOL 九州風神【3年保固】,｛九州風神 ASSASSIN IV VC VISION｝7導管/雙塔雙扇/均熱底座/高17.2/溫度顯示/不干涉/6年【WXZ】,4290,,2026-09-17 23:30:17
散熱器｜散熱墊｜散熱膏,DEEPCOOL 九州風神【3年保固】,｛九州風神 ASSASSIN VC ELITE 黑｝7導管/雙塔雙扇/均熱底座/高16.4/不干涉/6年【WXZ】,3890,,2026-09-17 23:30:17
散熱器｜散熱墊｜散熱膏,DEEPCOOL 九州風神【3年保固】,｛九州風神 ASSASSIN VC ELITE WH 白｝7導管/雙塔雙扇/均熱底座/高16.4/不干涉/6年【WXZ】,3890,,2026-09-17 23:30:17
散熱器｜散熱墊｜散熱膏,銀欣 SILVERSTONE,｛銀欣 XE02-2066 散熱器｝LGA2011 / 2066 腳位/2U適用/TDP:165W/高6.45,1499,,2026-09-17 23:30:17
散熱器｜散熱墊｜散熱膏,銀欣 SILVERSTONE,｛銀欣 XE02-3647SB 散熱器｝LGA3647 Square腳位/2U適用/TDP:205W/高6.4,1690,客訂,2026-09-17 23:30:17
散熱器｜散熱墊｜散熱膏,銀欣 SILVERSTONE,｛銀欣 XE02-3647N 散熱器｝LGA3647 Narrow腳位/2U適用/TDP:205W/高6.4,1690,客訂,2026-09-17 23:30:17
散熱器｜散熱墊｜散熱膏,銀欣 SILVERSTONE,｛銀欣 XE04-4677 散熱器｝LGA4677 腳位/4U適用/TDP:270W/高12.6,3220,客訂,2026-09-17 23:30:17
散熱器｜散熱墊｜散熱膏,銀欣 SILVERSTONE,｛銀欣 XED120 4U散熱器｝LGA4677/SP6/sTR5/4U適用/TDP:450W/高14.5,4250,客訂,2026-09-17 23:30:17
散熱器｜散熱墊｜散熱膏,銀欣 SILVERSTONE,｛銀欣 Hydrogon H90 ARGB｝下吹式散熱器 /4導管/高4.8/3pin(5V)【WXZ】,1050,,2026-09-17 23:30:17
散熱器｜散熱墊｜散熱膏,銀欣 SILVERSTONE,｛銀欣 Argon V140 ARGB 散熱器｝4導管/高16/14cm風扇【WXZ】原價,1290,,2026-09-17 23:30:17
散熱器｜散熱墊｜散熱膏,銀欣 SILVERSTONE,｛銀欣 Hydrogon D120 ARGB 散熱器｝6導管/雙塔雙扇/高15.3/偏移不干涉【WXZ】,1260,,2026-09-17 23:30:17
散熱器｜散熱墊｜散熱膏,CoolerMaster 酷碼散熱器,｛酷碼 LGA1700 空冷專用扣具(A)｝(Hyper 212 EVO V2 / MasterAir MA612 Stealth),99,,2026-09-17 23:30:17
散熱器｜散熱墊｜散熱膏,CoolerMaster 酷碼散熱器,｛酷碼 I50 LGA1700 下吹式 散熱器｝高度6cm/9.2cm風扇【Z】,349,,2026-09-17 23:30:17
散熱器｜散熱墊｜散熱膏,CoolerMaster 酷碼散熱器,｛酷碼 I70C ARGB LGA1700 下吹式 散熱器｝高度7cm/12cm風扇【Z】,599,,2026-09-17 23:30:17
散熱器｜散熱墊｜散熱膏,CoolerMaster 酷碼散熱器,｛酷碼 Hyper 411 Nano 散熱器｝黑化版/4導管/高13.6【WXZ】,690,,2026-09-17 23:30:17
散熱器｜散熱墊｜散熱膏,CoolerMaster 酷碼散熱器,｛酷碼 Hyper 212 Spectrum V3 散熱器｝4導管/高15.2/ARGB【WXZ】,590,,2026-09-17 23:30:17
散熱器｜散熱墊｜散熱膏,CoolerMaster 酷碼散熱器,｛酷碼 Hyper 212 3DHP Black ARGB 散熱器｝全黑化/高15.8/獨家3D熱管技術【WXZ】,790,,2026-09-17 23:30:17
散熱器｜散熱墊｜散熱膏,CoolerMaster 酷碼散熱器,｛酷碼 V4 ALPHA 3DHP Black 散熱器｝全黑化/高16.1/雙風扇/獨家3D熱管技術【WXZ】,990,,2026-09-17 23:30:17
散熱器｜散熱墊｜散熱膏,CoolerMaster 酷碼散熱器,｛酷碼 Hyper 620S 散熱器｝6導管/雙塔雙扇/高15.5/自帶ARGB(可控)【WXZ】,1190,,2026-09-17 23:30:17
散熱器｜散熱墊｜散熱膏,CoolerMaster 酷碼散熱器,｛酷碼 Hyper 622 Halo Black｝黑化版/6導管/雙塔雙扇/高15.7/自帶ARGB(可控)【WXZ】,1690,,2026-09-17 23:30:17
散熱器｜散熱墊｜散熱膏,CoolerMaster 酷碼散熱器,｛酷碼 Hyper 622 Halo White｝白化版/6導管/雙塔雙扇/高15.7/自帶ARGB(可控)【WXZ】,1690,,2026-09-17 23:30:17
散熱器｜散熱墊｜散熱膏,CoolerMaster 酷碼散熱器,｛酷碼 Hyper 612 APEX 黑 散熱器｝6導管/單塔雙扇/高15.9/偏移不干涉【WXZ】,1690,,2026-09-17 23:30:17
散熱器｜散熱墊｜散熱膏,CoolerMaster 酷碼散熱器,｛酷碼 Hyper 612 APEX 白 散熱器｝6導管/單塔雙扇/高15.9/偏移不干涉【WXZ】,1690,,2026-09-17 23:30:17
散熱器｜散熱墊｜散熱膏,CoolerMaster 酷碼散熱器,｛酷碼 V8 Ace 3DHP AMD 散熱器｝6導管/單塔雙扇/高16.7/LCP側滑風扇【X】,3490,,2026-09-17 23:30:17
散熱器｜散熱墊｜散熱膏,CoolerMaster 酷碼散熱器,｛酷碼 V8 Ace 3DHP Intel 散熱器｝6導管/單塔雙扇/高16.7/LCP側滑風扇【WZ】,3490,,2026-09-17 23:30:17
散熱器｜散熱墊｜散熱膏,鎌刀 Scythe 散熱器【3年保固】,｛Scythe 手裏劍3(SCSK-3000) 下吹式｝4導管/高3.9/回流焊工藝【WXZ】,990,,2026-09-17 23:30:17
散熱器｜散熱墊｜散熱膏,鎌刀 Scythe 散熱器【3年保固】,｛Scythe 大手裏劍4(SCBSK-4000) 下吹式｝6導管/高6.7cm/12cm薄扇【WXZ】,1190,,2026-09-17 23:30:17
散熱器｜散熱墊｜散熱膏,鎌刀 Scythe 散熱器【3年保固】,｛Scythe 虎徹3(SCKTT-3000)｝12cm風扇/4導管(6mm)/高15.4cm【WXZ】,690,,2026-09-17 23:30:17
散熱器｜散熱墊｜散熱膏,鎌刀 Scythe 散熱器【3年保固】,｛Scythe 虎徹4 ARGB(SCKTT-4000AR)｝4導管(6mm)/高15.5cm【WXZ】,1090,,2026-09-17 23:30:17
散熱器｜散熱墊｜散熱膏,鎌刀 Scythe 散熱器【3年保固】,｛Scythe 無限6(SCMG-6000)｝6導管(6mm)12cm風扇/高15.4cm/偏移不干涉【WXZ】,1090,,2026-09-17 23:30:17
散熱器｜散熱墊｜散熱膏,鎌刀 Scythe 散熱器【3年保固】,｛Scythe 無限6 闇黑版(SCMG-6000DBE)｝6導管/單塔雙扇/高15.4cm/偏移不干涉【WXZ】,1490,,2026-09-17 23:30:17
散熱器｜散熱墊｜散熱膏,鎌刀 Scythe 散熱器【3年保固】,｛Scythe 無限6 雪彩版｝6導管/單塔雙扇/高15.4/白化版/A.RGB扇/偏移不干涉【WXZ】,1590,,2026-09-17 23:30:17
散熱器｜散熱墊｜散熱膏,鎌刀 Scythe 散熱器【3年保固】,｛Scythe 無限6 TUF 黑｝6導管/單塔雙扇/高15.4/全黑化/A.RGB扇/偏移不干涉【WXZ】,1690,,2026-09-17 23:30:17
散熱器｜散熱墊｜散熱膏,鎌刀 Scythe 散熱器【3年保固】,｛Scythe 無限6 TUF 白｝6導管/單塔雙扇/高15.4/白化版/A.RGB扇/偏移不干涉【WXZ】,1690,,2026-09-17 23:30:17
散熱器｜散熱墊｜散熱膏,鎌刀 Scythe 散熱器【3年保固】,｛Scythe 風魔3(SCFM-3000)｝6導管(6mm)/雙塔雙扇/高15.4cm/偏移不干涉【WXZ】,1290,,2026-09-17 23:30:17
散熱器｜散熱墊｜散熱膏,鎌刀 Scythe 散熱器【3年保固】,｛Scythe 孫六(SCMR-1000)｝6導管(6mm)/雙塔雙扇/高15.5cm【WXZ】,1590,,2026-09-17 23:30:17
散熱器｜散熱墊｜散熱膏,Noctua 貓頭鷹 散熱器 【6年保固】,｛貓頭鷹 NH-U14S TR5-SP6｝6導管/雙NF-A15 PWM扇/六年保/高16.5【sTR5/SP6專用】,4250,,2026-09-17 23:30:17
散熱器｜散熱墊｜散熱膏,Noctua 貓頭鷹 散熱器 【6年保固】,"【提醒】NH-U12/NH-U14/NH-D15/NH-D15S,搭ROG Strix 系列主機板,請查詢相容列表",1,,2026-09-17 23:30:17
散熱器｜散熱墊｜散熱膏,Noctua 貓頭鷹 散熱器 【6年保固】,｛貓頭鷹 NH-U12A｝7導管/NF-A12X25 PWM風扇*2/高15.8【WXZ】,3885,,2026-09-17 23:30:17
散熱器｜散熱墊｜散熱膏,Noctua 貓頭鷹 散熱器 【6年保固】,｛貓頭鷹 NH-U12A chromax.black 黑化版｝7導管/NF-A12X25風扇*2/高15.8【WXZ】,4185,,2026-09-17 23:30:17
散熱器｜散熱墊｜散熱膏,Noctua 貓頭鷹 散熱器 【6年保固】,｛貓頭鷹 NH-U12S｝5導管/NF-F12 PWM風扇/六年保/高15.8【WXZ】,2420,,2026-09-17 23:30:17
散熱器｜散熱墊｜散熱膏,Noctua 貓頭鷹 散熱器 【6年保固】,｛貓頭鷹 NH-U12S chromax.black｝黑化版/5導管/NF-F12 PWM/六年保/高15.8【WXZ】,2585,,2026-09-17 23:30:17
散熱器｜散熱墊｜散熱膏,Noctua 貓頭鷹 散熱器 【6年保固】,｛貓頭鷹 NH-U14S｝6導管/NF-A15 PWM風扇/六年保/高16.5【WXZ】,2650,,2026-09-17 23:30:17
散熱器｜散熱墊｜散熱膏,Noctua 貓頭鷹 散熱器 【6年保固】,"【提醒】NH-U12/NH-U14/NH-D15/NH-D15S,搭ROG Strix 系列主機板,請查詢相容列表",1,,2026-09-17 23:30:17
散熱器｜散熱墊｜散熱膏,Noctua 貓頭鷹 散熱器 【6年保固】,｛貓頭鷹 NH-D12L｝5導管/NF-A12x25r PWM風扇/雙塔/非對稱式/六年保/高14.5【WXZ】,3355,,2026-09-17 23:30:17
散熱器｜散熱墊｜散熱膏,Noctua 貓頭鷹 散熱器 【6年保固】,｛貓頭鷹 NH-D15S｝6導管/NF-A15 PWM風扇/雙塔/非對稱式/六年保/高16【WXZ】,3275,,2026-09-17 23:30:17
散熱器｜散熱墊｜散熱膏,Noctua 貓頭鷹 散熱器 【6年保固】,｛貓頭鷹 NH-D15S chromax.black｝黑化版/6導管/雙塔/非對稱式/六年保/高16【WXZ】,3665,,2026-09-17 23:30:17
散熱器｜散熱墊｜散熱膏,Noctua 貓頭鷹 散熱器 【6年保固】,｛貓頭鷹 NH-D15｝6導管/NF-A15 PWM風扇*2/雙塔/六年保/高16.8【WXZ】,3615,,2026-09-17 23:30:17
散熱器｜散熱墊｜散熱膏,Noctua 貓頭鷹 散熱器 【6年保固】,｛貓頭鷹 NH-D15 chromax.black｝黑化版/6導管/NF-A15 PWM*2/雙塔/高16.8【WXZ】,3895,,2026-09-17 23:30:17
散熱器｜散熱墊｜散熱膏,Noctua 貓頭鷹 散熱器 【6年保固】,｛貓頭鷹 NH-D15 G2｝標準版/8導管/NF-A14x25r G2風扇*2/雙塔/六年保/高16.8【WXZ】,5300,,2026-09-17 23:30:17
散熱器｜散熱墊｜散熱膏,Noctua 貓頭鷹 散熱器 【6年保固】,｛貓頭鷹 NH-D15 G2 chromax.black｝黑化版/8導管/雙塔雙扇/六年保/高16.8【WXZ】,5600,,2026-09-17 23:30:17
散熱器｜散熱墊｜散熱膏,Noctua 貓頭鷹 散熱器 【6年保固】,｛貓頭鷹 NH-D9L｝4導管/NF-A9 PWM風扇/支援3U/六年保/高11【WXZ】,2125,,2026-09-17 23:30:17
散熱器｜散熱墊｜散熱膏,Noctua 貓頭鷹 散熱器 【6年保固】,｛貓頭鷹 NH-U9S｝5導管/NF-A9 PWM風扇/六年保/高12.5【WXZ】,2345,,2026-09-17 23:30:17
散熱器｜散熱墊｜散熱膏,Noctua 貓頭鷹 散熱器 【6年保固】,｛貓頭鷹 NH-L9a-AM5｝下吹式/NF-A9x14 PWM扇/六年保/高3.7/AM5專用,1665,,2026-09-17 23:30:17
散熱器｜散熱墊｜散熱膏,Noctua 貓頭鷹 散熱器 【6年保固】,｛貓頭鷹 NH-L9a-AM5 chromax.black｝黑化版/下吹式/六年保/高3.7/AM5專用,1795,,2026-09-17 23:30:17
散熱器｜散熱墊｜散熱膏,Noctua 貓頭鷹 散熱器 【6年保固】,｛貓頭鷹 NH-L9i-17xx｝下吹式/NF-A9x14 HS-PWM扇/六年/高3.7/Intel專用(1700)【Z】,1645,,2026-09-17 23:30:17
散熱器｜散熱墊｜散熱膏,Noctua 貓頭鷹 散熱器 【6年保固】,｛貓頭鷹 NH-L9i-17xx chromax.black｝黑化版/下吹式/高3.7/Intel專用(1700)【Z】,1775,,2026-09-17 23:30:17
散熱器｜散熱墊｜散熱膏,Noctua 貓頭鷹 散熱器 【6年保固】,｛貓頭鷹 NH-L9x65｝下吹式/NF-A9x14 PWM風扇/六年/高6.5【WXZ】,1850,,2026-09-17 23:30:17
散熱器｜散熱墊｜散熱膏,Noctua 貓頭鷹 散熱器 【6年保固】,｛貓頭鷹 NH-C14S｝下吹式/NF-A14 PWM風扇/六年/高11.5~14.2【WXZ】,2855,,2026-09-17 23:30:17
散熱器｜散熱墊｜散熱膏,威剛 XPG,｛XPG MAESTRO PLUS 42SA 黑｝4導管/高15.6/數位監控/全黑化/TDP:220【WXZ】,690,,2026-09-17 23:30:17
散熱器｜散熱墊｜散熱膏,威剛 XPG,｛XPG MAESTRO PLUS 42SA 白｝4導管/高15.6/數位監控/白化版/TDP:220【WXZ】,690,,2026-09-17 23:30:17
散熱器｜散熱墊｜散熱膏,威剛 XPG,｛XPG MAESTRO PLUS 62DA｝6導管/高15.6/雙塔雙扇/數位監控/全黑化/TDP:250【WXZ】,1390,,2026-09-17 23:30:17
散熱器｜散熱墊｜散熱膏,君主 Montech 散熱器,｛Montech NX400 ARGB 黑｝4導管/高度15.6/FDB軸 28mm風壓扇【WXZ】,690,,2026-09-17 23:30:17
散熱器｜散熱墊｜散熱膏,君主 Montech 散熱器,｛Montech NX400 ARGB 白｝4導管/高度15.6/FDB軸 28mm風壓扇【WXZ】,690,,2026-09-17 23:30:17
散熱器｜散熱墊｜散熱膏,君主 Montech 散熱器,｛Montech NX600 黑｝6導管/高16/雙塔雙扇/HDB軸 28mm風壓扇【WXZ】,1150,,2026-09-17 23:30:17
散熱器｜散熱墊｜散熱膏,君主 Montech 散熱器,｛Montech NX600 白｝6導管/高16/雙塔雙扇/HDB軸 28mm風壓扇【WXZ】,1150,,2026-09-17 23:30:17
散熱器｜散熱墊｜散熱膏,君主 Montech 散熱器,｛Montech NX600 ARGB 黑｝6導管/高16/雙塔雙扇/HDB軸 28mm風壓扇【WXZ】,1250,,2026-09-17 23:30:17
散熱器｜散熱墊｜散熱膏,君主 Montech 散熱器,｛Montech NX600 ARGB 白｝6導管/高16/雙塔雙扇/HDB軸 28mm風壓扇【WXZ】,1250,,2026-09-17 23:30:17
散熱器｜散熱墊｜散熱膏,快睿 CRYORIG 散熱器,｛快睿 C5 下吹式 散熱器｝VC 均熱底座/高5.49cm/全黑化/TDP:165【WXZ】,1390,,2026-09-17 23:30:17
散熱器｜散熱墊｜散熱膏,快睿 CRYORIG 散熱器,｛快睿 C5 Cu 下吹式 散熱器｝全銅 VC 均熱底座/高5.49cm/TDP:180【WXZ】,1690,,2026-09-17 23:30:17
散熱器｜散熱墊｜散熱膏,快睿 CRYORIG 散熱器,｛快睿 CR401 ARGB 散熱器｝4導管(6mm)/高15cm/TDP:200【WXZ】,490,,2026-09-17 23:30:17
散熱器｜散熱墊｜散熱膏,快睿 CRYORIG 散熱器,｛快睿 H4 散熱器｝4導管(6mm)/高14.8cm/ARGB/TDP:180【WXZ】,690,,2026-09-17 23:30:17
散熱器｜散熱墊｜散熱膏,快睿 CRYORIG 散熱器,｛快睿 H6 散熱器｝6導管(6mm)/高14.8cm/ARGB/TDP:200【WXZ】,890,,2026-09-17 23:30:17
散熱器｜散熱墊｜散熱膏,快睿 CRYORIG 散熱器,｛快睿 CR6S 散熱器｝6導管(6mm)/高15.7/雙塔雙扇/ARGB/TDP:250【WXZ】,1190,,2026-09-17 23:30:17
散熱器｜散熱墊｜散熱膏,先馬 SAMA,｛SAMA X30 散熱器｝3導管(6mm)/高13.4cm/全黑化/TDP:200【WXZ】,490,,2026-09-17 23:30:17
散熱器｜散熱墊｜散熱膏,先馬 SAMA,｛SAMA X40L 黑 散熱器｝4導管(6mm)/高13.4cm/ARGB/TDP:220【WXZ】,550,,2026-09-17 23:30:17
散熱器｜散熱墊｜散熱膏,先馬 SAMA,｛SAMA X40L 白化版 散熱器｝4導管(6mm)/高13.4cm/ARGB/TDP:220【WXZ】,550,,2026-09-17 23:30:17
散熱器｜散熱墊｜散熱膏,先馬 SAMA,｛SAMA A40L 黑 散熱器｝4導管(6mm)/高15.2cm/ARGB/TDP:240【WXZ】,690,,2026-09-17 23:30:17
散熱器｜散熱墊｜散熱膏,先馬 SAMA,｛SAMA A40L 白化版 散熱器｝4導管(6mm)/高15.2cm/ARGB/TDP:240【WXZ】,790,,2026-09-17 23:30:17
散熱器｜散熱墊｜散熱膏,先馬 SAMA,｛SAMA A60L 散熱器｝6導管(6mm)高15.7cm/雙塔雙扇/回流焊工藝/TDP:265【WXZ】,1390,,2026-09-17 23:30:17
散熱器｜散熱墊｜散熱膏,振華 Super Flower,｛振華 ST4 ARGB 黑 散熱器｝4導管/高15.3cm/黑化版/鋁製上蓋【WXZ】,590,,2026-09-17 23:30:17
散熱器｜散熱墊｜散熱膏,微星 MSI 散熱器,｛微星 MAG COREFROZR AA13(黑) 散熱器｝4導管(6mm)/高15.2cm/TDP:240【XZ】,790,,2026-09-17 23:30:17
散熱器｜散熱墊｜散熱膏,微星 MSI 散熱器,｛微星 MAG COREFROZR AA13(白) 散熱器｝4導管(6mm)/高15.2cm/TDP:240【XZ】,790,,2026-09-17 23:30:17
散熱器｜散熱墊｜散熱膏,全漢 FSP 散熱器,｛全漢 NE5 散熱器｝4導管(6mm)/高15cm/ARGB【WXZ】,490,,2026-09-17 23:30:17
散熱器｜散熱墊｜散熱膏,全漢 FSP 散熱器,｛全漢 NP5 ARGB 散熱器｝4導管(6mm)/高15.1cm【WXZ】,790,,2026-09-17 23:30:17
散熱器｜散熱墊｜散熱膏,全漢 FSP 散熱器,｛全漢 NP5 BLACK 散熱器｝4導管(6mm)/高15.1cm/全黑化【WXZ】,790,,2026-09-17 23:30:17
散熱器｜散熱墊｜散熱膏,全漢 FSP 散熱器,｛全漢 NP5 WHITE ARGB 散熱器｝4導管(6mm)/高15.1cm/白化版【WXZ】,790,,2026-09-17 23:30:17
散熱器｜散熱墊｜散熱膏,全漢 FSP 散熱器,｛全漢 MP7 ARGB 散熱器｝6導管(6mm)/高15.3cm/雙塔雙扇【WXZ】,1390,,2026-09-17 23:30:17
散熱器｜散熱墊｜散熱膏,全漢 FSP 散熱器,｛全漢 MP7 BLACK 散熱器｝6導管(6mm)/高15.3cm/雙塔雙扇/全黑化【WXZ】,1390,,2026-09-17 23:30:17
散熱器｜散熱墊｜散熱膏,全漢 FSP 散熱器,｛全漢 MP7 WHITE ARGB 散熱器｝6導管(6mm)/高15.3cm/雙塔雙扇/白化版【WXZ】,1390,,2026-09-17 23:30:17
散熱器｜散熱墊｜散熱膏,大飛 darkFlash 散熱器,｛darkFlash E400 PLUS 黑 散熱器｝4管/高15.5/雙風扇/點陣溫度顯示/TDP:235W【WXZ】,1190,,2026-09-17 23:30:17
散熱器｜散熱墊｜散熱膏,大飛 darkFlash 散熱器,｛darkFlash E400 PLUS 白 散熱器｝4管/高15.5/雙風扇/點陣溫度顯示/TDP:235W【WXZ】,1290,,2026-09-17 23:30:17
散熱器｜散熱墊｜散熱膏,創氪星系 TRYX 散熱器,｛TRYX TURRIS 620 黑｝6導管/高16.5/雙塔雙扇/5吋液晶/無孔回流焊/TDP:280W【XZ】,4590,,2026-09-17 23:30:17
散熱器｜散熱墊｜散熱膏,喬思伯 Jonsbo 散熱器,｛喬思伯 PISA A5 白 散熱器｝5導管/高15.3/ARGB/底部輔助鰭片/TDP:265【WXZ】,899,,2026-09-17 23:30:17
散熱器｜散熱墊｜散熱膏,喬思伯 Jonsbo 散熱器,｛喬思伯 CR1400 EVO 黑 散熱器｝4導管/高13/9cm風扇/TDP:180【WXZ】,499,,2026-09-17 23:30:17
散熱器｜散熱墊｜散熱膏,喬思伯 Jonsbo 散熱器,｛喬思伯 CR1400 DV2 黑 散熱器｝6導管/高13.6/Mini雙塔雙扇/ARGB/TDP:230【WXZ】,1190,,2026-09-17 23:30:17
散熱器｜散熱墊｜散熱膏,喬思伯 Jonsbo 散熱器,｛喬思伯 CR1400 DV2 白 散熱器｝6導管/高13.6/Mini雙塔雙扇/ARGBTDP:230【WXZ】,1190,,2026-09-17 23:30:17
散熱器｜散熱墊｜散熱膏,喬思伯 Jonsbo 散熱器,｛喬思伯 CR3000 白 散熱器｝7導管/高16/雙塔雙扇/ARGB/TDP:260【WXZ】,1390,,2026-09-17 23:30:17
散熱器｜散熱墊｜散熱膏,喬思伯 Jonsbo 散熱器,｛喬思伯 CA90 黑 散熱器｝6導管/高15.9/雙塔雙扇(內置13cm)/全黑化/TDP:270【WXZ】,1690,,2026-09-17 23:30:17
散熱器｜散熱墊｜散熱膏,喬思伯 Jonsbo 散熱器,｛喬思伯 CB40 黑 散熱器｝4導管/高15.3/長條無限鏡上蓋/ARGB/TDP:225【WXZ】,699,,2026-09-17 23:30:17
散熱器｜散熱墊｜散熱膏,喬思伯 Jonsbo 散熱器,｛喬思伯 CB40 白 散熱器｝4導管/高15.3/長條無限鏡上蓋/ARGB/TDP:225【WXZ】,699,,2026-09-17 23:30:17
散熱器｜散熱墊｜散熱膏,喬思伯 Jonsbo 散熱器,｛喬思伯 CB80 黑 散熱器｝6導管/高15.3/雙塔雙扇/長條無限鏡上蓋/ARGB/TDP:260【WXZ】,1290,,2026-09-17 23:30:17
散熱器｜散熱墊｜散熱膏,喬思伯 Jonsbo 散熱器,｛喬思伯 CB80 白 散熱器｝6導管/高15.3/雙塔雙扇/長條無限鏡上蓋/ARGB/TDP:260【WXZ】,1290,,2026-09-17 23:30:17
散熱器｜散熱墊｜散熱膏,喬思伯 Jonsbo 散熱器,｛喬思伯 CC90 黑 散熱器｝6導管/高15.8/雙塔雙扇/全黑化/溫度監控/TDP:285【WXZ】,2190,,2026-09-17 23:30:17
散熱器｜散熱墊｜散熱膏,喬思伯 Jonsbo 散熱器,｛喬思伯 CC90 白 散熱器｝6導管/高15.8/雙塔雙扇/全白化/溫度監控/TDP:285【WXZ】,2190,,2026-09-17 23:30:17
散熱器｜散熱墊｜散熱膏,高效能散熱膏,｛利民 Thermalright TFX 散熱膏 2公克｝導熱係數 14.3W/mK,360,,2026-09-17 23:30:17
散熱器｜散熱墊｜散熱膏,高效能散熱膏,｛利民 Thermalright TF8 散熱膏 2公克｝導熱係數 13.8W/mK,250,,2026-09-17 23:30:17
散熱器｜散熱墊｜散熱膏,高效能散熱膏,｛利民 Thermalright TF8 散熱膏 5.8公克｝導熱係數 13.8W/mK,590,,2026-09-17 23:30:17
散熱器｜散熱墊｜散熱膏,高效能散熱膏,｛利民 Thermalright TF9 散熱膏 1.5公克｝導熱係數 14W/mK,190,,2026-09-17 23:30:17
散熱器｜散熱墊｜散熱膏,高效能散熱膏,｛利民 Thermalright Silver King 液態金屬膏｝1公克/導熱係數 79W/mK【避免接觸鋁製品】,280,,2026-09-17 23:30:17
散熱器｜散熱墊｜散熱膏,高效能散熱膏,｛酷碼 HTK-002 美國道康膏｝導熱係數 0.8W/m-K,70,,2026-09-17 23:30:17
散熱器｜散熱墊｜散熱膏,高效能散熱膏,｛酷碼 IceFusion 新酷媽涼膏V2｝40公克/導熱係數 5 W/mK(RG-ICF-CWR3-GP),199,,2026-09-17 23:30:17
散熱器｜散熱墊｜散熱膏,高效能散熱膏,｛酷碼 CryoFuze 7 超效散熱膏｝4公克/附刮刀/(MGZ-NDSG-N04G-R1),249,,2026-09-17 23:30:17
散熱器｜散熱墊｜散熱膏,高效能散熱膏,｛華碩 ROG Strix RG-05 高效能散熱膏｝3公克,299,,2026-09-17 23:30:17
散熱器｜散熱墊｜散熱膏,矽膠導熱片,｛酷碼 Thermal Pad 導熱片 1.0mm｝95x45mm/13.3W/mK(TPX-NOPP-9010-R1),249,,2026-09-17 23:30:17
散熱器｜散熱墊｜散熱膏,矽膠導熱片,｛利民 Thermalright EXTREME ODYSSEY II 導熱片 1.0mm｝85x45mm/14.8 W/mk,249,,2026-09-17 23:30:17
散熱器｜散熱墊｜散熱膏,矽膠導熱片,｛利民 Thermalright EXTREME ODYSSEY II 導熱片 1.5mm｝85x45mm/14.8 W/mk,299,,2026-09-17 23:30:17
散熱器｜散熱墊｜散熱膏,矽膠導熱片,｛利民 Thermalright EXTREME ODYSSEY II 導熱片 2.0mm｝85x45mm/14.8 W/mk,329,,2026-09-17 23:30:17
散熱器｜散熱墊｜散熱膏,筆記型專用散熱座,｛酷碼 Connect Stand｝網通設備 散熱架 /金屬網孔/可拆卸 12cm反向風扇,690,,2026-09-17 23:30:17
散熱器｜散熱墊｜散熱膏,筆記型專用散熱座,"｛酷碼 NotePal X150 Spectrum RGB｝散熱墊 /含USB*3,Type-C*1/支援 17吋",1290,,2026-09-17 23:30:17
散熱器｜散熱墊｜散熱膏,筆記型專用散熱座,｛酷碼 NotePal ErgoStand Lite 散熱墊｝五種角度+支援 15.6吋(R9-NBS-ESLK-GP),690,,2026-09-17 23:30:17
散熱器｜散熱墊｜散熱膏,筆記型專用散熱座,｛酷碼 NotePal ErgoStand III 散熱座｝六段角度調整、23cm散熱風扇、USB*4,1190,,2026-09-17 23:30:17
散熱器｜散熱墊｜散熱膏,筆記型專用散熱座,｛Raymii RNF-K6 大風扇RGB散熱筆電架｝USB*2 / 支援最大19吋/可接手機架,999,,2026-09-17 23:30:17
散熱器｜散熱墊｜散熱膏,筆記型專用散熱座,｛Raymii D301 鋁合金 RGB 風扇旋轉筆電支架｝旋轉底座 / USB*2 / 支援17吋,1199,,2026-09-17 23:30:17
封閉式｜開放式水冷,特價 or 活動專區,｛TRYX STAGE 360 ARGB 黑 水冷｝4.0吋雙螢幕/Asetek泵浦/6年【WXZ】,7990,,2026-09-17 23:30:17
封閉式｜開放式水冷,特價 or 活動專區,｛TRYX STAGE 360 ARGB 白 水冷｝4.0吋雙螢幕/Asetek泵浦/6年【WXZ】,7990,,2026-09-17 23:30:17
封閉式｜開放式水冷,華碩 ASUS【0800到府 6年保固換新】保固內非人損漏液賠償！保固內非人損換新。,｛華碩 ASUS LC 240 ARGB 水冷｝格柵式導光條/可更換銘牌/厚:5.2cm/5年【XZ】,1990,,2026-09-17 23:30:17
封閉式｜開放式水冷,華碩 ASUS【0800到府 6年保固換新】保固內非人損漏液賠償！保固內非人損換新。,｛華碩 ASUS LC 360 ARGB 水冷｝格柵式導光條/可更換銘牌/厚:5.2cm/5年【XZ】,2390,,2026-09-17 23:30:17
封閉式｜開放式水冷,華碩 ASUS【0800到府 6年保固換新】保固內非人損漏液賠償！保固內非人損換新。,｛華碩 Prime LC II 360 ARGB LCD(黑)水冷｝3.95吋液晶/一體式風扇/厚:5.2cm/6年【XZ】,3890,,2026-09-17 23:30:17
封閉式｜開放式水冷,華碩 ASUS【0800到府 6年保固換新】保固內非人損漏液賠償！保固內非人損換新。,｛華碩 Prime LC II 360 ARGB LCD(白)水冷｝3.95吋液晶/一體式風扇/厚:5.2cm/6年【XZ】,3990,,2026-09-17 23:30:17
封閉式｜開放式水冷,華碩 ASUS【0800到府 6年保固換新】保固內非人損漏液賠償！保固內非人損換新。,｛華碩 MAX GAMING LC 360 ARGB LCD(黑) 水冷｝2.4吋液晶/厚:5.6cm/6年【XZ】,3590,,2026-09-17 23:30:17
封閉式｜開放式水冷,華碩 ASUS【0800到府 6年保固換新】保固內非人損漏液賠償！保固內非人損換新。,｛華碩 MAX GAMING LC 360 ARGB LCD(白) 水冷｝2.4吋液晶/厚:5.6cm/6年【XZ】,3690,,2026-09-17 23:30:17
封閉式｜開放式水冷,華碩 ASUS【0800到府 6年保固換新】保固內非人損漏液賠償！保固內非人損換新。,｛華碩 TUF GAMING LC III 240 ARGB 白｝一體式風扇/厚:5.36cm/6年【WXZ】,2990,,2026-09-17 23:30:17
封閉式｜開放式水冷,華碩 ASUS【0800到府 6年保固換新】保固內非人損漏液賠償！保固內非人損換新。,｛華碩 TUF GAMING LC III 360 ARGB 黑｝一體式風扇/厚:5.36cm/6年【WXZ】,3790,,2026-09-17 23:30:17
封閉式｜開放式水冷,華碩 ASUS【0800到府 6年保固換新】保固內非人損漏液賠償！保固內非人損換新。,｛華碩 TUF GAMING LC III 360 ARGB 白｝一體式風扇/厚:5.36cm/6年【WXZ】,3990,,2026-09-17 23:30:17
封閉式｜開放式水冷,華碩 ASUS【0800到府 6年保固換新】保固內非人損漏液賠償！保固內非人損換新。,｛華碩 TUF GAMING LC III 360 ARGB LCD 白｝2.8吋液晶/一體扇/厚:5.36/6年【WXZ】,4890,,2026-09-17 23:30:17
封閉式｜開放式水冷,華碩 ASUS【0800到府 6年保固換新】保固內非人損漏液賠償！保固內非人損換新。,｛華碩 ROG STRIX LC III 360 飛龍三代(無光風扇)｝Asetek7th v2/可轉冷頭/6年【WXZ】,4790,,2026-09-17 23:30:17
封閉式｜開放式水冷,華碩 ASUS【0800到府 6年保固換新】保固內非人損漏液賠償！保固內非人損換新。,｛華碩 ROG STRIX LC III 360 ARGB 飛龍三代｝Asetek7th v2/可旋轉冷頭/6年【WXZ】,4990,,2026-09-17 23:30:17
封閉式｜開放式水冷,華碩 ASUS【0800到府 6年保固換新】保固內非人損漏液賠償！保固內非人損換新。,｛華碩 ROG STRIX LC III 360 ARGB 白龍三代｝Asetek7th v2/可旋轉冷頭/6年【WXZ】,4990,,2026-09-17 23:30:17
封閉式｜開放式水冷,華碩 ASUS【0800到府 6年保固換新】保固內非人損漏液賠償！保固內非人損換新。,｛華碩 ROG STRIX LC III 360 ARGB LCD 白龍｝2.1吋液晶/Asetek7th v2/6年【WXZ】,5490,,2026-09-17 23:30:17
封閉式｜開放式水冷,華碩 ASUS【0800到府 6年保固換新】保固內非人損漏液賠償！保固內非人損換新。,｛華碩 ROG STRIX LC IV 360 ARGB LCD 飛龍｝5.08吋液晶/Q-Connector模組/6年【XZ】,6690,,2026-09-17 23:30:17
封閉式｜開放式水冷,華碩 ASUS【0800到府 6年保固換新】保固內非人損漏液賠償！保固內非人損換新。,｛華碩 ROG STRIX LC IV 360 ARGB LCD 白龍｝5.08吋液晶/Q-Connector模組/6年【XZ】,6890,,2026-09-17 23:30:17
封閉式｜開放式水冷,華碩 ASUS【0800到府 6年保固換新】保固內非人損漏液賠償！保固內非人損換新。,｛華碩 ROG STRIX SLC IV 360 ARGB LCD 飛龍｝5.08吋液晶/Q-Connector模組/6年【XZ】,6690,,2026-09-17 23:30:17
封閉式｜開放式水冷,華碩 ASUS【0800到府 6年保固換新】保固內非人損漏液賠償！保固內非人損換新。,｛華碩 ROG STRIX SLC IV 360 ARGB LCD 白龍｝5.08吋液晶/Q-Connector模組/6年【XZ】,6890,,2026-09-17 23:30:17
封閉式｜開放式水冷,華碩 ASUS【0800到府 6年保固換新】保固內非人損漏液賠償！保固內非人損換新。,｛華碩 ROG RYUO IV 360 ARGB(黑) 龍王四代｝6.67吋曲面(螢幕2年保)/6年【XZ】,12690,,2026-09-17 23:30:17
封閉式｜開放式水冷,華碩 ASUS【0800到府 6年保固換新】保固內非人損漏液賠償！保固內非人損換新。,華碩 ROG RYUO IV 360 ARGB(黑) 龍王+華碩 ROG STRIX 1000W(黑) 白金(Equalizer),15990,,2026-09-17 23:30:17
封閉式｜開放式水冷,華碩 ASUS【0800到府 6年保固換新】保固內非人損漏液賠償！保固內非人損換新。,｛華碩 ROG RYUO IV 360 ARGB(白) 龍王四代｝6.67吋曲面(螢幕2年保)/6年【XZ】,12990,,2026-09-17 23:30:17
封閉式｜開放式水冷,華碩 ASUS【0800到府 6年保固換新】保固內非人損漏液賠償！保固內非人損換新。,華碩 ROG RYUO IV 360 ARGB(白) 龍王+華碩 ROG STRIX 1000W(白) 白金(Equalizer),15990,,2026-09-17 23:30:17
封閉式｜開放式水冷,華碩 ASUS【0800到府 6年保固換新】保固內非人損漏液賠償！保固內非人損換新。,｛華碩 ROG RYUO IV SLC 360 ARGB(黑) 龍王四代｝6.67吋曲面(螢幕2年保)/6年【XZ】,12690,,2026-09-17 23:30:17
封閉式｜開放式水冷,華碩 ASUS【0800到府 6年保固換新】保固內非人損漏液賠償！保固內非人損換新。,｛華碩 ROG RYUO IV SLC 360 ARGB(白) 龍王四代｝6.67吋曲面(螢幕2年保)/6年【XZ】,12990,,2026-09-17 23:30:17
封閉式｜開放式水冷,華碩 ASUS【0800到府 6年保固換新】保固內非人損漏液賠償！保固內非人損換新。,｛華碩 ROG RYUJIN III 360 ARGB Extreme 龍神三代｝3.5吋液晶/Asetek8 v2/6年【WXZ】▼下殺到 9/30 20:00,9790,,2026-09-17 23:30:17
封閉式｜開放式水冷,華碩 ASUS【0800到府 6年保固換新】保固內非人損漏液賠償！保固內非人損換新。,｛華碩 ROG RYUJIN III 360 ARGB Extreme 白龍神｝3.5吋液晶/Asetek8 v2/6年【WXZ】▼下殺到 9/30 20:00,9990,,2026-09-17 23:30:17
封閉式｜開放式水冷,華碩 ASUS【0800到府 6年保固換新】保固內非人損漏液賠償！保固內非人損換新。,｛華碩 ProArt LC 240 水冷散熱器｝負載監控發光儀表/Alphacool 效能扇/6年【WXZ】,5990,,2026-09-17 23:30:17
封閉式｜開放式水冷,華碩 ASUS【0800到府 6年保固換新】保固內非人損漏液賠償！保固內非人損換新。,｛華碩 ProArt LC 360 水冷散熱器｝負載監控發光儀表/Alphacool 效能扇/6年【WXZ】,7490,,2026-09-17 23:30:17
封閉式｜開放式水冷,華碩 ASUS【0800到府 6年保固換新】保固內非人損漏液賠償！保固內非人損換新。,｛華碩 ProArt LC 420 水冷散熱器｝負載監控發光儀表/貓頭鷹 NF-A14風扇/6年【WXZ】,8890,,2026-09-17 23:30:17
封閉式｜開放式水冷,微星 MSI (註冊享延保！保內到府收送，品質保證非人損漏液損害賠償！),｛微星 MAG CoreLiquid A13 240 黑｝預裝風扇/可換式上蓋/厚:5.2(註冊3+2年)【XZ】,2490,,2026-09-17 23:30:17
封閉式｜開放式水冷,微星 MSI (註冊享延保！保內到府收送，品質保證非人損漏液損害賠償！),｛微星 MAG CoreLiquid A13 240 白｝預裝風扇/可換式上蓋/厚:5.2(註冊3+2年)【XZ】,2490,,2026-09-17 23:30:17
封閉式｜開放式水冷,微星 MSI (註冊享延保！保內到府收送，品質保證非人損漏液損害賠償！),｛微星 MAG CoreLiquid A13 360 黑｝預裝風扇/可換式上蓋/厚:5.2(註冊3+2年)【XZ】,2990,,2026-09-17 23:30:17
封閉式｜開放式水冷,微星 MSI (註冊享延保！保內到府收送，品質保證非人損漏液損害賠償！),｛微星 MAG CoreLiquid A13 360 白｝預裝風扇/可換式上蓋/厚:5.2(註冊3+2年)【XZ】,2990,,2026-09-17 23:30:17
封閉式｜開放式水冷,微星 MSI (註冊享延保！保內到府收送，品質保證非人損漏液損害賠償！),｛微星 MPG CoreLiquid P22 360 白｝2.1吋液晶/玻璃上蓋/螺絲裝飾蓋(註冊3+2)【XZ】,3990,,2026-09-17 23:30:17
封閉式｜開放式水冷,微星 MSI (註冊享延保！保內到府收送，品質保證非人損漏液損害賠償！),｛微星 MPG CoreLiquid P13 360 黑｝2.1吋液晶/曲面玻璃上蓋/螺絲裝飾蓋(註冊3+2)【XZ】,5290,,2026-09-17 23:30:17
封閉式｜開放式水冷,微星 MSI (註冊享延保！保內到府收送，品質保證非人損漏液損害賠償！),｛微星 MPG CoreLiquid P13 360 白｝2.1吋液晶/曲面玻璃上蓋/螺絲裝飾蓋(註冊3+2)【XZ】,5390,,2026-09-17 23:30:17
封閉式｜開放式水冷,微星 MSI (註冊享延保！保內到府收送，品質保證非人損漏液損害賠償！),｛微星 MEG CoreLiquid E15 360｝水冷/雙色陽極處理/6.67吋曲面液晶(螢幕2年)/6年【XZ】,13990,,2026-09-17 23:30:17
封閉式｜開放式水冷,君主 Montech,｛Montech PureFlow ARGB 360 黑｝水冷 磁吸式上蓋/一體式風扇/5年保【WXZ】,1790,,2026-09-17 23:30:17
封閉式｜開放式水冷,君主 Montech,｛Montech PureFlow ARGB 360 白｝水冷 磁吸式上蓋/一體式風扇/5年保【WXZ】,1790,,2026-09-17 23:30:17
封閉式｜開放式水冷,君主 Montech,｛Montech HyperFlow Silent 240 黑｝水冷 鏡面環狀冷頭/厚:5.5/6年保【WXZ】,2090,,2026-09-17 23:30:17
封閉式｜開放式水冷,君主 Montech,｛Montech HyperFlow Silent 240 白｝水冷 鏡面環狀冷頭/厚:5.5/6年保【WXZ】,2090,,2026-09-17 23:30:17
封閉式｜開放式水冷,君主 Montech,｛Montech HyperFlow Silent 360 黑｝水冷 鏡面環狀冷頭/厚:5.5/6年保【WXZ】,2590,,2026-09-17 23:30:17
封閉式｜開放式水冷,君主 Montech,｛Montech HyperFlow Silent 360 白｝水冷 鏡面環狀冷頭/厚:5.5/6年保【WXZ】,2590,,2026-09-17 23:30:17
封閉式｜開放式水冷,君主 Montech,｛Montech HyperFlow ARGB 240 黑｝水冷 ARGB 28mm風扇/厚:5.5/6年保【WXZ】,1590,,2026-09-17 23:30:17
封閉式｜開放式水冷,君主 Montech,｛Montech HyperFlow ARGB 360 黑｝水冷 ARGB 28mm風扇/厚:5.5/6年保【WXZ】,2790,,2026-09-17 23:30:17
封閉式｜開放式水冷,君主 Montech,｛Montech HyperFlow ARGB 360 白｝水冷 ARGB 28mm風扇/厚:5.5/6年保【WXZ】,2790,,2026-09-17 23:30:17
封閉式｜開放式水冷,君主 Montech,｛Montech HyperFlow Digital 240 黑｝數位監控螢幕/28mm厚扇/厚:5.5/6年保【WXZ】,2290,,2026-09-17 23:30:17
封閉式｜開放式水冷,君主 Montech,｛Montech HyperFlow Digital 240 白｝數位監控螢幕/28mm厚扇/厚:5.5/6年保【WXZ】,2290,,2026-09-17 23:30:17
封閉式｜開放式水冷,君主 Montech,｛Montech HyperFlow Digital 360 黑｝數位監控螢幕/28mm厚扇/厚:5.5/6年保【WXZ】,2990,,2026-09-17 23:30:17
封閉式｜開放式水冷,君主 Montech,｛Montech HyperFlow Digital 360 白｝數位監控螢幕/28mm厚扇/厚:5.5/6年保【WXZ】,2990,,2026-09-17 23:30:17
封閉式｜開放式水冷,美洲獅 COUGAR,｛OUGAR POSEIDON-GT 240 水冷｝90度直角式鰭片/5年保【WXYZ】原價,3290,,2026-09-17 23:30:17
封閉式｜開放式水冷,美洲獅 COUGAR,｛COUGAR POSEIDON-GT 360 水冷｝90度直角式鰭片/5年保【WXYZ】原價,4290,,2026-09-17 23:30:17
封閉式｜開放式水冷,美洲獅 COUGAR,｛COUGAR Poseidon Vistek ARGB 240(黑) 水冷｝數位監控螢幕/一體式風扇/5年【WXZ】▼下殺到 9/30 20:00,2590,,2026-09-17 23:30:17
封閉式｜開放式水冷,美洲獅 COUGAR,｛COUGAR Poseidon Vistek ARGB 240(白) 水冷｝數位監控螢幕/一體式風扇/5年【WXZ】▼下殺到 9/30 20:00,2690,,2026-09-17 23:30:17
封閉式｜開放式水冷,美洲獅 COUGAR,｛COUGAR Poseidon Vistek ARGB 360(黑) 水冷｝數位監控螢幕/一體式風扇/5年【WXZ】▼下殺到 9/30 20:00,3090,,2026-09-17 23:30:17
封閉式｜開放式水冷,美洲獅 COUGAR,｛COUGAR Poseidon Vistek ARGB 360(白) 水冷｝數位監控螢幕/一體式風扇/5年【WXZ】▼下殺到 9/30 20:00,3190,,2026-09-17 23:30:17
封閉式｜開放式水冷,美洲獅 COUGAR,｛COUGAR Poseidon Vistek Pro ARGB 240(黑) 水冷｝3.95吋液晶/一體式風扇/5年【WXZ】▼下殺到 9/30 20:00,3590,,2026-09-17 23:30:17
封閉式｜開放式水冷,美洲獅 COUGAR,｛COUGAR Poseidon Vistek Pro ARGB 240(白) 水冷｝3.95吋液晶/一體式風扇/5年【WXZ】▼下殺到 9/30 20:00,3690,,2026-09-17 23:30:17
封閉式｜開放式水冷,美洲獅 COUGAR,｛COUGAR Poseidon Vistek Pro ARGB 360(黑) 水冷｝3.95吋液晶/一體式風扇/5年【WXZ】▼下殺到 9/30 20:00,4290,,2026-09-17 23:30:17
封閉式｜開放式水冷,美洲獅 COUGAR,｛COUGAR Poseidon Vistek Pro ARGB 360(白) 水冷｝3.95吋液晶/一體式風扇/5年【WXZ】▼下殺到 9/30 20:00,4390,,2026-09-17 23:30:17
封閉式｜開放式水冷,大飛 darkFlash,｛darkFlash Nebula DN240D 黑 水冷｝數位監控顯示/鏈扣串接風扇/厚:5.2/5年【WXZ】,1690,,2026-09-17 23:30:17
封閉式｜開放式水冷,大飛 darkFlash,｛darkFlash Nebula DN240D 白 水冷｝數位監控顯示/鏈扣串接風扇/厚:5.2/5年【WXZ】,1790,,2026-09-17 23:30:17
封閉式｜開放式水冷,大飛 darkFlash,｛darkFlash Nebula DN360D 黑 水冷｝數位監控顯示/鏈扣串接風扇/厚:5.2/5年【WXZ】,1990,,2026-09-17 23:30:17
封閉式｜開放式水冷,大飛 darkFlash,｛darkFlash DN360D 白 V1.5 水冷｝數位監控顯示/一體式風扇/厚:5.2/5年【WXZ】,2590,,2026-09-17 23:30:17
封閉式｜開放式水冷,大飛 darkFlash,｛darkFlash Nebula DN360S LCD 黑 水冷｝2.1吋液晶/串接風扇/厚:5.2/5年【WXZ】,3690,,2026-09-17 23:30:17
封閉式｜開放式水冷,大飛 darkFlash,｛darkFlash WAVE DV360S MAX 黑 水冷｝3.95吋液晶/磁吸冷頭/一體式風扇/5年【WXZ】,2890,,2026-09-17 23:30:17
封閉式｜開放式水冷,大飛 darkFlash,｛darkFlash WAVE DV360S MAX 白 水冷｝3.95吋液晶/磁吸冷頭/一體式風扇/5年【WXZ】,2990,,2026-09-17 23:30:17
封閉式｜開放式水冷,ID-COOLING 一體式水冷,｛ID-COOLING FX360 TD 黑 水冷散熱器｝數位監控顯示/厚:5.2cm/5年【WXZ】,2290,,2026-09-17 23:30:17
封閉式｜開放式水冷,ID-COOLING 一體式水冷,｛ID-COOLING FX360 TD 白 水冷散熱器｝數位監控顯示/厚:5.2cm/5年【WXZ】,2290,,2026-09-17 23:30:17
封閉式｜開放式水冷,ID-COOLING 一體式水冷,｛ID-COOLING SL240 XE 黑 水冷散熱器｝2.1吋液晶/厚:5.2cm/5年【WXZ】,2990,,2026-09-17 23:30:17
封閉式｜開放式水冷,ID-COOLING 一體式水冷,｛ID-COOLING SL240 XE 白 水冷散熱器｝2.1吋液晶/厚:5.2cm/5年【WXZ】,2990,,2026-09-17 23:30:17
封閉式｜開放式水冷,ID-COOLING 一體式水冷,｛ID-COOLING SL360 XE 黑 水冷散熱器｝2.1吋液晶/厚:5.2cm/5年【WXZ】,3490,,2026-09-17 23:30:17
封閉式｜開放式水冷,ID-COOLING 一體式水冷,｛ID-COOLING SL360 XE 白 水冷散熱器｝2.1吋液晶/厚:5.2cm/5年【WXZ】,3490,,2026-09-17 23:30:17
封閉式｜開放式水冷,威剛 XPG,｛XPG TRITON II 360SE(黑) 水冷｝可轉向無限鏡上蓋/風扇單線材設計/3年【WXZ】,1890,,2026-09-17 23:30:17
封閉式｜開放式水冷,威剛 XPG,｛XPG TRITON II 360SE(白) 水冷｝可轉向無限鏡上蓋/風扇單線材設計/3年【WXZ】,1890,,2026-09-17 23:30:17
封閉式｜開放式水冷,威剛 XPG,｛XPG LEVANTE II 360(黑) 水冷｝無限鏡一體式風扇/高效雙腔水泵/厚:5.4/5年【WXZ】,2790,,2026-09-17 23:30:17
封閉式｜開放式水冷,威剛 XPG,｛XPG LEVANTE II 360(白) 水冷｝無限鏡一體式風扇/高效雙腔水泵/厚:5.4/5年【WXZ】,2790,,2026-09-17 23:30:17
封閉式｜開放式水冷,保銳 ENERMAX,｛保銳 AQUAFUSION II ARGB 240 幻彩晶蝶｝磁吸式數位顯示/厚:5.3cm/5年【WXZ】,1390,,2026-09-17 23:30:17
封閉式｜開放式水冷,保銳 ENERMAX,｛保銳 LIQMAX IV ARGB 360 水冷｝磁吸式數位顯示/厚:5.38cm/5年【WXZ】,1790,,2026-09-17 23:30:17
封閉式｜開放式水冷,保銳 ENERMAX,｛保銳 LIQMAXFLO 240 風晶凌｝內置6cm VRM風扇/38mm加厚冷排/厚:6.5/5年【WXZ】,2990,,2026-09-17 23:30:17
封閉式｜開放式水冷,保銳 ENERMAX,｛保銳 LIQMAXFLO 360 風晶凌｝內置6cm VRM風扇/38mm加厚冷排/厚:6.5/5年【WXZ】,3590,,2026-09-17 23:30:17
封閉式｜開放式水冷,保銳 ENERMAX,｛保銳 LIQMAXFLO 420 風晶凌｝內置6cm VRM風扇/38mm加厚冷排/厚:6.5/5年【WXZ】,4590,,2026-09-17 23:30:17
封閉式｜開放式水冷,保銳 ENERMAX,｛保銳 LIQTECH XTR 360 ARGB 水冷｝數位顯示/LGA4677/sTR5全覆蓋/5年【Y】,5990,,2026-09-17 23:30:17
封閉式｜開放式水冷,DEEPCOOL 九州風神,｛DEEPCOOL LE360 V2 水冷｝ARGB光環冷頭/五代水泵/厚:5.2cm/5年【WXZ】,1990,,2026-09-17 23:30:17
封閉式｜開放式水冷,DEEPCOOL 九州風神,｛DEEPCOOL LE360 V2 WH(白) 水冷｝ARGB光環冷頭/五代水泵/厚:5.2cm/5年【WXZ】,1990,,2026-09-17 23:30:17
封閉式｜開放式水冷,DEEPCOOL 九州風神,｛DEEPCOOL LM360 水冷散熱器｝2.4吋液晶(3年)/六代水泵/厚:5.2/5年【WXZ】,3690,,2026-09-17 23:30:17
封閉式｜開放式水冷,DEEPCOOL 九州風神,｛DEEPCOOL LM360 WH(白) 水冷散熱器｝2.4吋液晶(3年)/六代水泵/厚:5.2/5年【WXZ】,3690,,2026-09-17 23:30:17
封閉式｜開放式水冷,DEEPCOOL 九州風神,｛DEEPCOOL LQ360 水冷散熱器｝磁吸數位顯示/五代水泵/厚:5.2cm/5年【WXZ】,3690,,2026-09-17 23:30:17
封閉式｜開放式水冷,DEEPCOOL 九州風神,｛DEEPCOOL LT360 ARGB 水冷｝幾何鏡射外殼/五代水泵/厚:5.2cm/5年【WXZ】,3490,,2026-09-17 23:30:17
封閉式｜開放式水冷,DEEPCOOL 九州風神,｛DEEPCOOL LT360 VISION ARGB 水冷｝4.5吋液晶/六代水泵/厚:5.2cm/5年【WXZ】,4990,,2026-09-17 23:30:17
封閉式｜開放式水冷,DEEPCOOL 九州風神,｛DEEPCOOL LT360 VISION WH ARGB(白) 水冷｝4.5吋液晶/六代水泵/厚:5.2/5年【WXZ】,4990,,2026-09-17 23:30:17
封閉式｜開放式水冷,DEEPCOOL 九州風神,｛DEEPCOOL SPARTACUS 360 水冷散熱器｝3.4吋液晶/六代水泵/偏移支架/5年【WXZ】,5490,,2026-09-17 23:30:17
封閉式｜開放式水冷,Noctua 貓頭鷹,｛貓頭鷹 NL-ACF1 VRM 風扇｝NF-A8 風扇/Noctua NL-LC1 系列水冷專用/6年,650,,2026-09-17 23:30:17
封閉式｜開放式水冷,Noctua 貓頭鷹,｛貓頭鷹 NL-LC1-24 240水冷｝NF-A12x25 G2降噪風扇/Asetek Emma V2水泵/6年【XZ】,6999,,2026-09-17 23:30:17
封閉式｜開放式水冷,Noctua 貓頭鷹,｛貓頭鷹 NL-LC1-36 360水冷｝NF-A12x25 G2降噪風扇/Asetek Emma V2水泵/6年【XZ】,7999,,2026-09-17 23:30:17
封閉式｜開放式水冷,Noctua 貓頭鷹,｛貓頭鷹 NL-LC1-42 420水冷｝NF-A14x25 G2降噪風扇/Asetek Emma V2水泵/6年【XZ】,8999,,2026-09-17 23:30:17
封閉式｜開放式水冷,鈦鉭科技 TCOMAS (本體6年保固/液晶2年),｛鈦鉭 TCOMAS LE200 240(黑) 水冷｝無限鏡上蓋/加厚冷排/厚:5.9cm/6年【XZ】,2190,,2026-09-17 23:30:17
封閉式｜開放式水冷,鈦鉭科技 TCOMAS (本體6年保固/液晶2年),｛鈦鉭 TCOMAS LE200 240(白) 水冷｝無限鏡上蓋/加厚冷排/厚:5.9cm/6年【XZ】,2190,,2026-09-17 23:30:17
封閉式｜開放式水冷,鈦鉭科技 TCOMAS (本體6年保固/液晶2年),｛鈦鉭 TCOMAS LE200 360(黑) 水冷｝無限鏡上蓋/加厚冷排/厚:5.9cm/6年【XZ】,2590,,2026-09-17 23:30:17
封閉式｜開放式水冷,鈦鉭科技 TCOMAS (本體6年保固/液晶2年),｛鈦鉭 TCOMAS LE200 360(白) 水冷｝無限鏡上蓋/加厚冷排/厚:5.9cm/6年【XZ】,2590,,2026-09-17 23:30:17
封閉式｜開放式水冷,鈦鉭科技 TCOMAS (本體6年保固/液晶2年),｛鈦鉭 TCOMAS CUBE 360(黑) 水冷｝玻璃上蓋/迷你主機造型/厚:5.4cm/6年【XZ】,2990,,2026-09-17 23:30:17
封閉式｜開放式水冷,鈦鉭科技 TCOMAS (本體6年保固/液晶2年),｛鈦鉭 TCOMAS CUBE 360(白) 水冷｝玻璃上蓋/迷你主機造型/厚:5.4cm/6年【XZ】,2990,,2026-09-17 23:30:17
封閉式｜開放式水冷,鈦鉭科技 TCOMAS (本體6年保固/液晶2年),｛鈦鉭 TCOMAS NEOX 360(黑) 水冷｝6.67吋曲面螢幕/M-ONE風扇/厚:5.4/6年【XZ】,7590,,2026-09-17 23:30:17
封閉式｜開放式水冷,鈦鉭科技 TCOMAS (本體6年保固/液晶2年),｛鈦鉭 TCOMAS NEOX 360(白) 水冷｝6.67吋曲面螢幕/M-ONE風扇/厚:5.4/6年【XZ】,7590,,2026-09-17 23:30:17
封閉式｜開放式水冷,鈦鉭科技 TCOMAS (本體6年保固/液晶2年),｛鈦鉭 TCOMAS NEOX PRO 360(黑) 水冷｝6.67吋曲面螢幕/LYNK風扇/厚:5.9/6年【XZ】,8890,,2026-09-17 23:30:17
封閉式｜開放式水冷,鈦鉭科技 TCOMAS (本體6年保固/液晶2年),｛鈦鉭 TCOMAS NEOX PRO 360(白) 水冷｝6.67吋曲面螢幕/LYNK風扇/厚:5.9/6年【XZ】,8890,,2026-09-17 23:30:17
封閉式｜開放式水冷,鈦鉭科技 TCOMAS (本體6年保固/液晶2年),｛鈦鉭 TCOMAS EXIT D3 360(黑) 水冷｝3.95吋三面螢幕/M-ONE風扇/厚:5.4/6年【XZ】,7490,,2026-09-17 23:30:17
封閉式｜開放式水冷,鈦鉭科技 TCOMAS (本體6年保固/液晶2年),｛鈦鉭 TCOMAS EXIT D3 360(白) 水冷｝3.95吋三面螢幕/M-ONE風扇/厚:5.4/6年【XZ】,7490,,2026-09-17 23:30:17
封閉式｜開放式水冷,鈦鉭科技 TCOMAS (本體6年保固/液晶2年),｛鈦鉭 TCOMAS EXIT D3 PRO 360(黑) 水冷｝3.95吋三面螢幕/LYNK風扇/厚:5.9/6年【XZ】,8790,,2026-09-17 23:30:17
封閉式｜開放式水冷,鈦鉭科技 TCOMAS (本體6年保固/液晶2年),｛鈦鉭 TCOMAS EXIT D3 PRO 360(白) 水冷｝3.95吋三面螢幕/LYNK風扇/厚:5.9/6年【XZ】,8790,,2026-09-17 23:30:17
封閉式｜開放式水冷,酷碼 Cooler Master(漏液損害賠償),｛酷碼 MasterLiquid PL360 TR5-SP6 水冷｝銅底全覆蓋/Mobius 120風扇/5年【Y】客訂,11990,,2026-09-17 23:30:17
封閉式｜開放式水冷,酷碼 Cooler Master(漏液損害賠償),｛酷碼 MasterLiquid Core Nex 240 ARGB 黑 水冷｝無限鏡可旋轉上蓋/5年【WXZ】,1890,,2026-09-17 23:30:17
封閉式｜開放式水冷,酷碼 Cooler Master(漏液損害賠償),｛酷碼 MasterLiquid Core Nex 240 ARGB 白 水冷｝無限鏡可旋轉上蓋/5年【WXZ】,1890,,2026-09-17 23:30:17
封閉式｜開放式水冷,酷碼 Cooler Master(漏液損害賠償),｛酷碼 MasterLiquid Core Nex 360 ARGB 黑 水冷｝無限鏡可旋轉上蓋/5年【WXZ】,2290,,2026-09-17 23:30:17
封閉式｜開放式水冷,酷碼 Cooler Master(漏液損害賠償),｛酷碼 MasterLiquid Core Nex 360 ARGB 白 水冷｝無限鏡可旋轉上蓋/5年【WXZ】,2290,,2026-09-17 23:30:17
封閉式｜開放式水冷,酷碼 Cooler Master(漏液損害賠償),"｛酷碼 MasterLiquid Core LCD 4"" 360 黑 水冷｝4吋液晶/可旋轉底座/5年【WXZ】",3290,,2026-09-17 23:30:17
封閉式｜開放式水冷,酷碼 Cooler Master(漏液損害賠償),"｛酷碼 MasterLiquid Core LCD 4"" 360 白 水冷｝4吋液晶/可旋轉底座/5年【WXZ】",3290,,2026-09-17 23:30:17
封閉式｜開放式水冷,酷碼 Cooler Master(漏液損害賠償),"｛酷碼 MasterLiquid Core LCD 6"" 360 黑 水冷｝6吋液晶/6年【WXZ】",4290,,2026-09-17 23:30:17
封閉式｜開放式水冷,酷碼 Cooler Master(漏液損害賠償),"｛酷碼 MasterLiquid Core LCD 6"" 360 白 水冷｝6吋液晶/6年【WXZ】",4290,,2026-09-17 23:30:17
封閉式｜開放式水冷,酷碼 Cooler Master(漏液損害賠償),｛酷碼 MasterLiquid 240 Atmos II Stealth 水冷｝VRM風扇/29mm厚排/6年【WXZ】,2990,,2026-09-17 23:30:17
封閉式｜開放式水冷,酷碼 Cooler Master(漏液損害賠償),｛酷碼 MasterLiquid 360 Atmos II Stealth 水冷｝VRM風扇/29mm厚排/6年【WXZ】,3490,,2026-09-17 23:30:17
封閉式｜開放式水冷,酷碼 Cooler Master(漏液損害賠償),｛酷碼 MasterLiquid 360 Atmos II LCD ARGB 黑色｝2.1吋液晶/一體式風扇/6年【WXZ】,3990,,2026-09-17 23:30:17
封閉式｜開放式水冷,酷碼 Cooler Master(漏液損害賠償),｛酷碼 MasterLiquid 360 Atmos II LCD ARGB 白色｝2.1吋液晶/一體式風扇/6年【WXZ】,3990,,2026-09-17 23:30:17
封閉式｜開放式水冷,幾何未來 Geometric Future,｛幾何未來 Eskimo 愛斯基摩 Plus 36 黑 360水冷｝厚:5.7/龍鱗30mm厚扇/3年【WXZ】,2490,,2026-09-17 23:30:17
封閉式｜開放式水冷,幾何未來 Geometric Future,｛幾何未來 Eskimo 愛斯基摩 Plus 36 白 360水冷｝厚:5.7/龍鱗30mm厚扇/3年【WXZ】,2490,,2026-09-17 23:30:17
封閉式｜開放式水冷,幾何未來 Geometric Future,｛幾何未來 Eskimo 愛斯基摩 Pro 36 黑 360水冷｝厚:5.2/高光波紋漸變上蓋/3年【WXZ】,2490,,2026-09-17 23:30:17
封閉式｜開放式水冷,幾何未來 Geometric Future,｛幾何未來 Eskimo 愛斯基摩 Pro 36 白 360水冷｝厚:5.2/高光波紋漸變上蓋/3年【WXZ】,2490,,2026-09-17 23:30:17
封閉式｜開放式水冷,幾何未來 Geometric Future,｛幾何未來 Eskimo 愛斯基摩 Pro 42 黑 420水冷｝厚:5.2/高光波紋漸變上蓋/3年【WXZ】,3490,,2026-09-17 23:30:17
封閉式｜開放式水冷,幾何未來 Geometric Future,｛幾何未來 Eskimo 愛斯基摩 Pro 42 白 420水冷｝厚:5.2/高光波紋漸變上蓋/3年【WXZ】,3490,,2026-09-17 23:30:17
封閉式｜開放式水冷,先馬 SAMA,｛SAMA L50 240 BK(黑) 水冷｝點陣無限鏡冷頭/28mm風扇/厚:5.5/3年【WXZ】,1390,,2026-09-17 23:30:17
封閉式｜開放式水冷,先馬 SAMA,｛SAMA L50 240 WH(白) 水冷｝點陣無限鏡冷頭/28mm風扇/厚:5.5/3年【WXZ】,1390,,2026-09-17 23:30:17
封閉式｜開放式水冷,先馬 SAMA,｛SAMA L50 360 BK(黑) 水冷｝點陣無限鏡冷頭/28mm風扇/厚:5.5/3年【WXZ】,1690,,2026-09-17 23:30:17
封閉式｜開放式水冷,先馬 SAMA,｛SAMA L50 360 WH(白) 水冷｝點陣無限鏡冷頭/28mm風扇/厚:5.5/3年【WXZ】,1690,,2026-09-17 23:30:17
封閉式｜開放式水冷,先馬 SAMA,｛SAMA Q70 BK(黑) 360水冷｝2.8吋磁吸液晶(附外接套件)/LCP扇葉/厚:5.5/6年【WXZ】,3590,,2026-09-17 23:30:17
封閉式｜開放式水冷,先馬 SAMA,｛SAMA Q70 WH(白) 360水冷｝2.8吋磁吸液晶(附外接套件)/LCP扇葉/厚:5.5/6年【WXZ】,3590,,2026-09-17 23:30:17
封閉式｜開放式水冷,安鈦克 ANTEC,｛Antec Skeleton 240 ARGB 水冷｝幾何骨架造型冷頭/厚:5.2cm/3年【WXZ】,1890,,2026-09-17 23:30:17
封閉式｜開放式水冷,安鈦克 ANTEC,｛Antec Skeleton 360 ARGB 黑 水冷｝幾何骨架造型冷頭/厚:5.2cm/3年【WXZ】,2290,,2026-09-17 23:30:17
封閉式｜開放式水冷,安鈦克 ANTEC,｛Antec Skeleton 360 ARGB 白 水冷｝幾何骨架造型冷頭/厚:5.2cm/3年【WXZ】,2290,,2026-09-17 23:30:17
封閉式｜開放式水冷,安鈦克 ANTEC,｛Antec Vortex View 360 水冷｝5.0吋 360度可旋轉液晶/Asetek 9th泵浦/6年【WXZ】,5990,,2026-09-17 23:30:17
封閉式｜開放式水冷,快睿 CRYORIG,｛快睿 RHEO 360 睿歐 水冷｝無限鏡水冷頭/加大純銅底座/厚:5.2/3年【WXZ】,1690,,2026-09-17 23:30:17
封閉式｜開放式水冷,快睿 CRYORIG,｛快睿 CRYO 360 快睿歐(黑) 水冷｝2.8吋液晶/加大純銅底座/厚:5.2/6年【WXZ】,3990,,2026-09-17 23:30:17
封閉式｜開放式水冷,快睿 CRYORIG,｛快睿 CRYO 360 快睿歐(白) 水冷｝2.8吋液晶/加大純銅底座/厚:5.2/6年【WXZ】,3990,,2026-09-17 23:30:17
封閉式｜開放式水冷,追風者 Phanteks,｛Phanteks Glacier One 360M25 G2(黑) 水冷｝無限鏡風扇網蓋冷頭/厚:5.2/5年【WXZ】,3390,,2026-09-17 23:30:17
封閉式｜開放式水冷,追風者 Phanteks,｛Phanteks Glacier One 360M25 G2(白) 水冷｝無限鏡風扇網蓋冷頭/厚:5.2/5年【WXZ】,3390,,2026-09-17 23:30:17
封閉式｜開放式水冷,追風者 Phanteks,｛Phanteks Glacier One 360M25 LCD(黑) 水冷｝6吋液晶/支援雙向顯示/5年【WXZ】,4690,,2026-09-17 23:30:17
封閉式｜開放式水冷,追風者 Phanteks,｛Phanteks Glacier One 360M25 LCD(白) 水冷｝6吋液晶/支援雙向顯示/5年【WXZ】,4690,,2026-09-17 23:30:17
封閉式｜開放式水冷,追風者 Phanteks,｛Phanteks Glacier One 360 D30 X2(黑) 水冷｝D-RGB 冷頭風扇/厚:5.7/5年【WXZ】,4590,,2026-09-17 23:30:17
封閉式｜開放式水冷,追風者 Phanteks,｛Phanteks Glacier One 360 D30 X2(白) 水冷｝D-RGB 冷頭風扇/厚:5.7/5年【WXZ】,4890,,2026-09-17 23:30:17
封閉式｜開放式水冷,恩傑 NZXT,｛NZXT Kraken Core 240 RGB 水冷｝一體式風扇/5V-3Pin接頭/5年【WXZ】,2990,,2026-09-17 23:30:17
封閉式｜開放式水冷,恩傑 NZXT,｛NZXT Kraken Core 360 RGB 水冷｝一體式風扇/5V-3Pin接頭/5年【WXZ】,3690,,2026-09-17 23:30:17
封閉式｜開放式水冷,恩傑 NZXT,｛NZXT Kraken Plus 240 RGB 黑 水冷｝1.54吋液晶/一體式風扇/6年【WXZ】▼下殺到 9/30 20:00,5590,,2026-09-17 23:30:17
封閉式｜開放式水冷,恩傑 NZXT,｛NZXT Kraken Plus 240 RGB 白 水冷｝1.54吋液晶/一體式風扇/6年【WXZ】▼下殺到 9/30 20:00,5590,,2026-09-17 23:30:17
封閉式｜開放式水冷,恩傑 NZXT,｛NZXT Kraken Plus 360 RGB 白 水冷｝1.54吋液晶/一體式風扇/6年【WXZ】,6590,,2026-09-17 23:30:17
封閉式｜開放式水冷,恩傑 NZXT,｛NZXT Kraken Elite 240 RGB 黑(V2) 水冷｝2.72吋液晶/一體式風扇/6年【WXZ】,8990,,2026-09-17 23:30:17
封閉式｜開放式水冷,恩傑 NZXT,｛NZXT Kraken Elite 240 RGB 白(V2) 水冷｝2.72吋液晶/一體式風扇/6年【WXZ】,8990,,2026-09-17 23:30:17
封閉式｜開放式水冷,恩傑 NZXT,｛NZXT Kraken Elite 280 RGB 黑(V2) 水冷｝2.72吋液晶/一體式風扇/6年【WXZ】,9490,,2026-09-17 23:30:17
封閉式｜開放式水冷,恩傑 NZXT,｛NZXT Kraken Elite 280 RGB 白(V2) 水冷｝2.72吋液晶/一體式風扇/6年【WXZ】,9490,,2026-09-17 23:30:17
封閉式｜開放式水冷,恩傑 NZXT,｛NZXT Kraken Elite 360 RGB 黑(V2) 水冷｝2.72吋液晶/一體式風扇/6年【WXZ】,9900,,2026-09-17 23:30:17
封閉式｜開放式水冷,恩傑 NZXT,｛NZXT Kraken Elite 360 RGB 白(V2) 水冷｝2.72吋液晶/一體式風扇/6年【WXZ】,9900,,2026-09-17 23:30:17
封閉式｜開放式水冷,恩傑 NZXT,｛NZXT Kraken Elite 420 RGB 黑 水冷｝2.72吋液晶/一體式風扇/6年【WXZ】,10900,,2026-09-17 23:30:17
封閉式｜開放式水冷,恩傑 NZXT,｛NZXT Kraken Elite 420 RGB 白 水冷｝2.72吋液晶/一體式風扇/6年【WXZ】,10900,,2026-09-17 23:30:17
封閉式｜開放式水冷,美商艾湃電競(首利) Apexgaming,｛Apexgaming NANCOOL PRO 魔立方240 白｝A.RGB/厚:5.2/3年【WXZ】原價,2490,,2026-09-17 23:30:17
封閉式｜開放式水冷,銀欣 SILVERSTONE,｛銀欣 XE360-4677 水冷｝LGA 4677腳位專用/銅底全覆蓋/3年保,10900,客訂,2026-09-17 23:30:17
封閉式｜開放式水冷,銀欣 SILVERSTONE,｛銀欣 XE360-TR5-V2 水冷｝sTR5/SP6 腳位專用/銅底全覆蓋/3年保【Y】客訂,10500,,2026-09-17 23:30:17
封閉式｜開放式水冷,銀欣 SILVERSTONE,｛銀欣 NovaPeak 240 ARGB 水冷｝模組化線材/微凸銅底/3年保【WXZ】原價,2590,,2026-09-17 23:30:17
封閉式｜開放式水冷,銀欣 SILVERSTONE,｛銀欣 NovaPeak 360 ARGB 水冷｝模組化線材/微凸銅底/3年保【WXZ】原價,2990,,2026-09-17 23:30:17
封閉式｜開放式水冷,銀欣 SILVERSTONE,｛銀欣 IceMyst 360 水冷｝堆疊式冷頭風扇(選購)/3年保【WXZ】送 IMF70冷頭扇*1,3690,,2026-09-17 23:30:17
封閉式｜開放式水冷,銀欣 SILVERSTONE,｛銀欣 IMF70 ARGB 水冷｝IceMyst系列專用/ARGB/堆疊式卡扣/320度旋轉設計,390,,2026-09-17 23:30:17
封閉式｜開放式水冷,利民 Thermalright(索摩樂),｛利民 Frozen Warframe 360 SE BLACK ARGB｝2吋可轉向磁吸液晶/5年【WXZ】,2790,,2026-09-17 23:30:17
封閉式｜開放式水冷,利民 Thermalright(索摩樂),｛利民 Frozen Warframe 360 SE WHITE ARGB｝2吋可轉向磁吸液晶/5年【WXZ】,2890,,2026-09-17 23:30:17
封閉式｜開放式水冷,利民 Thermalright(索摩樂),｛利民 Frozen Warframe 240 BLACK ARGB｝2.4吋可轉向磁吸液晶/5年【WXZ】,2790,,2026-09-17 23:30:17
封閉式｜開放式水冷,利民 Thermalright(索摩樂),｛利民 Frozen Warframe 240 WHITE ARGB｝2.4吋可轉向磁吸液晶/5年【WXZ】,2890,,2026-09-17 23:30:17
封閉式｜開放式水冷,利民 Thermalright(索摩樂),｛利民 Frozen Warframe 360 BLACK ARGB｝2.4吋可轉向磁吸液晶/5年【WXZ】,3190,,2026-09-17 23:30:17
封閉式｜開放式水冷,利民 Thermalright(索摩樂),｛利民 Frozen Warframe 360 WHITE ARGB｝2.4吋可轉向磁吸液晶/5年【WXZ】,3290,,2026-09-17 23:30:17
封閉式｜開放式水冷,利民 Thermalright(索摩樂),｛利民 Frozen Warframe 420 BLACK ARGB｝2.4吋可轉向磁吸液晶/5年【WXZ】,4090,,2026-09-17 23:30:17
封閉式｜開放式水冷,利民 Thermalright(索摩樂),｛利民 Frozen Warframe 420 WHITE ARGB｝ 2.4吋可轉向磁吸液晶/5年【WXZ】,4390,,2026-09-17 23:30:17
封閉式｜開放式水冷,利民 Thermalright(索摩樂),｛利民 Grand Vision 360 ARGB BLACK｝3.4吋可轉向磁吸液晶/5年【WXZ】,3890,,2026-09-17 23:30:17
封閉式｜開放式水冷,利民 Thermalright(索摩樂),｛利民 Grand Vision 360 ARGB WHITE｝3.4吋可轉向磁吸液晶/5年【WXZ】,3990,,2026-09-17 23:30:17
封閉式｜開放式水冷,利民 Thermalright(索摩樂),｛利民 Trofeo Vision 360 ARGB BLACK｝6.86吋磁吸液晶/一體式風扇/6年【WXZ】,4890,,2026-09-17 23:30:17
封閉式｜開放式水冷,利民 Thermalright(索摩樂),｛利民 Trofeo Vision 360 ARGB WHITE｝6.86吋磁吸液晶/一體式風扇/6年【WXZ】,4990,,2026-09-17 23:30:17
封閉式｜開放式水冷,利民 Thermalright(索摩樂),｛利民 Wonder Vision 360 UB ARGB BLACK｝6.67吋曲面液晶/一體式風扇/6年【WXZ】,6990,,2026-09-17 23:30:17
封閉式｜開放式水冷,利民 Thermalright(索摩樂),｛利民 Wonder Vision 360 UB ARGB WHITE｝6.67吋曲面液晶/一體式風扇/6年【WXZ】,7090,,2026-09-17 23:30:17
封閉式｜開放式水冷,聯力工業 LIAN LI【6年/漏液依年限折舊/曲面屏3年】,｛聯力 HydroShift II LCD-C 360N 黑 裸排水冷｝風扇選購/2.1吋/側置水冷管/6年【XZ】,4799,,2026-09-17 23:30:17
封閉式｜開放式水冷,聯力工業 LIAN LI【6年/漏液依年限折舊/曲面屏3年】,｛聯力 HydroShift II LCD-C 360N 白 裸排水冷｝風扇選購/2.1吋/側置水冷管/6年【XZ】,4799,,2026-09-17 23:30:17
封閉式｜開放式水冷,聯力工業 LIAN LI【6年/漏液依年限折舊/曲面屏3年】,｛聯力 HydroShift II LCD-S 360N 黑 裸排水冷｝風扇選購/3.4吋/側置水冷管/6年【XZ】,4999,,2026-09-17 23:30:17
封閉式｜開放式水冷,聯力工業 LIAN LI【6年/漏液依年限折舊/曲面屏3年】,｛聯力 HydroShift II LCD-S 360N 白 裸排水冷｝風扇選購/3.4吋/側置水冷管/6年【XZ】,4999,,2026-09-17 23:30:17
封閉式｜開放式水冷,聯力工業 LIAN LI【6年/漏液依年限折舊/曲面屏3年】,｛聯力 HydroShift II LCD-S 360TL 黑｝TL-Flex風扇+控制器/3.4吋/側置水冷管/6年【XZ】,7699,,2026-09-17 23:30:17
封閉式｜開放式水冷,聯力工業 LIAN LI【6年/漏液依年限折舊/曲面屏3年】,｛聯力 HydroShift II LCD-S 360TL 白｝TL-Flex風扇+控制器/3.4吋/側置水冷管/6年【XZ】,7699,,2026-09-17 23:30:17
封閉式｜開放式水冷,聯力工業 LIAN LI【6年/漏液依年限折舊/曲面屏3年】,｛聯力 HydroShift II OLED Curved 360N 黑 裸排｝風扇選購/6.67吋電動曲面液晶/6年【XZ】,8499,,2026-09-17 23:30:17
封閉式｜開放式水冷,聯力工業 LIAN LI【6年/漏液依年限折舊/曲面屏3年】,｛聯力 HydroShift II OLED Curved 360N 白 裸排｝風扇選購/6.67吋電動曲面液晶/6年【XZ】,8499,,2026-09-17 23:30:17
封閉式｜開放式水冷,聯力工業 LIAN LI【6年/漏液依年限折舊/曲面屏3年】,｛聯力 HydroShift II OLED Curved 360P 黑｝P28 V2風扇/6.67吋電動曲面液晶/6年【XZ】,9399,,2026-09-17 23:30:17
封閉式｜開放式水冷,聯力工業 LIAN LI【6年/漏液依年限折舊/曲面屏3年】,｛聯力 HydroShift II OLED Curved 360P 白｝P28 V2風扇/6.67吋電動曲面液晶/6年【XZ】,9399,,2026-09-17 23:30:17
封閉式｜開放式水冷,聯力工業 LIAN LI【6年/漏液依年限折舊/曲面屏3年】,｛聯力 HydroShift II OLED Curved 360TL 黑｝TL Flex風扇/6.67吋電動曲面液晶/6年【XZ】,10599,,2026-09-17 23:30:17
封閉式｜開放式水冷,聯力工業 LIAN LI【6年/漏液依年限折舊/曲面屏3年】,｛聯力 HydroShift II OLED Curved 360TL 白｝TL Flex風扇/6.67吋電動曲面液晶/6年【XZ】,10599,,2026-09-17 23:30:17
封閉式｜開放式水冷,技嘉 GIGABYTE,｛技嘉 EAGLE 360 黑 水冷｝磁吸式可轉向上蓋/預鎖高靜壓風扇/(註冊3+2年)【WXZ】,2490,,2026-09-17 23:30:17
封閉式｜開放式水冷,技嘉 GIGABYTE,｛技嘉 EAGLE 360 ICE(白) 水冷｝磁吸式可轉向上蓋/預鎖高靜壓風扇/(註冊3+2年)【WXZ】,2490,,2026-09-17 23:30:17
封閉式｜開放式水冷,技嘉 GIGABYTE,｛技嘉 GAMING 360 黑 飛鷹水冷｝磁吸式可轉向上蓋/滑扣風扇/(註冊3+2年)【WXZ】,2990,,2026-09-17 23:30:17
封閉式｜開放式水冷,技嘉 GIGABYTE,｛技嘉 GAMING 360 ICE(白) 飛鷹水冷｝磁吸式可轉向上蓋/滑扣風扇/(註冊3+2年)【WXZ】,2990,,2026-09-17 23:30:17
封閉式｜開放式水冷,技嘉 GIGABYTE,｛技嘉 AORUS WATERFORCE II 360 鷹魂二代｝可旋轉冷頭/卡扣風扇/5年【WXZ】,3990,,2026-09-17 23:30:17
封閉式｜開放式水冷,技嘉 GIGABYTE,｛技嘉 AORUS WATERFORCE II 360 ICE(白) 鷹魂二代｝可轉冷頭/卡扣風扇/5年【WXZ】,4490,,2026-09-17 23:30:17
封閉式｜開放式水冷,技嘉 GIGABYTE,｛技嘉 AORUS WATERFORCE X II 240 鷹神二代｝LCD顯示/6年【WXYZ】原價,7990,,2026-09-17 23:30:17
封閉式｜開放式水冷,技嘉 GIGABYTE,｛技嘉 AORUS WATERFORCE X II 360 鷹神二代｝LCD顯示/磁吸串接風扇/6年【WXYZ】,8990,,2026-09-17 23:30:17
封閉式｜開放式水冷,技嘉 GIGABYTE,｛技嘉 AORUS WATERFORCE X II 360 ICE(白) 鷹神二代｝LCD/磁吸風扇/6年【WXYZ】,9490,,2026-09-17 23:30:17
封閉式｜開放式水冷,華擎 ASRock,｛ASRock Pro 360 ARGB(黑) 水冷｝環形葉片預裝風扇/0dB低負載停轉/6年【XZ】,2390,,2026-09-17 23:30:17
封閉式｜開放式水冷,華擎 ASRock,｛ASRock Pro White 360 ARGB(白) 水冷｝環形葉片預裝風扇/0dB低負載停轉/6年【XZ】,2390,,2026-09-17 23:30:17
封閉式｜開放式水冷,華擎 ASRock,｛ASRock Steel Legend Dark 360 LCD(黑) 水冷｝3.4吋液晶/VRM風扇/LCP扇葉/6年【XZ】,5790,,2026-09-17 23:30:17
封閉式｜開放式水冷,華擎 ASRock,｛ASRock Steel Legend 360 LCD(白) 水冷｝3.4吋液晶/VRM風扇/LCP扇葉/6年【XZ】,5790,,2026-09-17 23:30:17
封閉式｜開放式水冷,全漢 FSP,｛全漢 AE24 黑 240水冷｝無限鏡燈效/日本製雙滾珠風扇/厚:5.2/3年【WXZ】,1790,,2026-09-17 23:30:17
封閉式｜開放式水冷,全漢 FSP,｛全漢 AE24 白 240水冷｝無限鏡燈效/日本製雙滾珠風扇/厚:5.2/3年【WXZ】,1790,,2026-09-17 23:30:17
封閉式｜開放式水冷,全漢 FSP,｛全漢 AE36 黑 360水冷｝無限鏡燈效/日本製雙滾珠風扇/厚:5.2/3年【WXZ】,2290,,2026-09-17 23:30:17
封閉式｜開放式水冷,全漢 FSP,｛全漢 AE36 白 360水冷｝無限鏡燈效/日本製雙滾珠風扇/厚:5.2/3年【WXZ】,2290,,2026-09-17 23:30:17
封閉式｜開放式水冷,創氪星系 TRYX【水冷/無光扇(6年) 螢幕/ARGB扇(2年)保固】,｛TRYX STAGE 360 ARGB 黑 水冷｝4.0吋雙螢幕/Asetek泵浦/6年【WXZ】,7990,,2026-09-17 23:30:17
封閉式｜開放式水冷,創氪星系 TRYX【水冷/無光扇(6年) 螢幕/ARGB扇(2年)保固】,｛TRYX STAGE 360 ARGB 白 水冷｝4.0吋雙螢幕/Asetek泵浦/6年【WXZ】,7990,,2026-09-17 23:30:17
封閉式｜開放式水冷,創氪星系 TRYX【水冷/無光扇(6年) 螢幕/ARGB扇(2年)保固】,｛TRYX Panorama SE 240 ARGB 黑｝6.5曲面可旋轉螢幕/Asetek泵浦/6年【WXZ】,7690,,2026-09-17 23:30:17
封閉式｜開放式水冷,創氪星系 TRYX【水冷/無光扇(6年) 螢幕/ARGB扇(2年)保固】,｛TRYX Panorama SE 240 ARGB 白｝6.5曲面可旋轉螢幕/Asetek泵浦/6年【WXZ】,7690,,2026-09-17 23:30:17
封閉式｜開放式水冷,創氪星系 TRYX【水冷/無光扇(6年) 螢幕/ARGB扇(2年)保固】,｛TRYX Panorama SE 360 ARGB 黑｝6.5曲面可旋轉螢幕/Asetek泵浦/6年【WXZ】,8990,,2026-09-17 23:30:17
封閉式｜開放式水冷,創氪星系 TRYX【水冷/無光扇(6年) 螢幕/ARGB扇(2年)保固】,｛TRYX Panorama SE 360 ARGB 白｝6.5曲面可旋轉螢幕/Asetek泵浦/6年【WXZ】,8990,,2026-09-17 23:30:17
封閉式｜開放式水冷,創氪星系 TRYX【水冷/無光扇(6年) 螢幕/ARGB扇(2年)保固】,｛TRYX Panorama 240 ARGB 黑｝6.5曲面螢幕/VRM風扇/Asetek8 v2/6年【WXZ】,9990,,2026-09-17 23:30:17
封閉式｜開放式水冷,創氪星系 TRYX【水冷/無光扇(6年) 螢幕/ARGB扇(2年)保固】,｛TRYX Panorama 240 ARGB 白｝6.5曲面螢幕/VRM風扇/Asetek8 v2/6年【WXZ】,9990,,2026-09-17 23:30:17
封閉式｜開放式水冷,創氪星系 TRYX【水冷/無光扇(6年) 螢幕/ARGB扇(2年)保固】,｛TRYX Panorama 360 ARGB 黑｝6.5曲面螢幕/VRM風扇/Asetek8 v2/6年【WXZ】,11490,,2026-09-17 23:30:17
封閉式｜開放式水冷,創氪星系 TRYX【水冷/無光扇(6年) 螢幕/ARGB扇(2年)保固】,｛TRYX Panorama 360 ARGB 白｝6.5曲面螢幕/VRM風扇/Asetek8 v2/6年【WXZ】,11490,,2026-09-17 23:30:17
封閉式｜開放式水冷,創氪星系 TRYX【水冷/無光扇(6年) 螢幕/ARGB扇(2年)保固】,｛TRYX Panorama 360 黑(無光)｝6.5曲面螢幕/VRM風扇/Asetek8 v2/6年【WXZ】,11490,,2026-09-17 23:30:17
封閉式｜開放式水冷,創氪星系 TRYX【水冷/無光扇(6年) 螢幕/ARGB扇(2年)保固】,｛TRYX Panorama 360 白(無光)｝6.5曲面螢幕/VRM風扇/Asetek8 v2/6年【WXZ】,11490,,2026-09-17 23:30:17
封閉式｜開放式水冷,喬思伯 JONSBO【立光代理】故障換新、漏液損害賠償！,｛喬思伯 TH-240 黑色版｝A.RGB/溫度監控/一體式無限鏡風扇/厚:5.5cm/5年【WXZ】,2190,,2026-09-17 23:30:17
封閉式｜開放式水冷,喬思伯 JONSBO【立光代理】故障換新、漏液損害賠償！,｛喬思伯 TH-240 白色版｝A.RGB/溫度監控/一體式無限鏡風扇/厚:5.5cm/5年【WXZ】,2190,,2026-09-17 23:30:17
封閉式｜開放式水冷,喬思伯 JONSBO【立光代理】故障換新、漏液損害賠償！,｛喬思伯 TH-360 黑色版｝A.RGB/溫度監控/一體式無限鏡風扇/厚:5.5cm/5年【WXZ】,2990,,2026-09-17 23:30:17
封閉式｜開放式水冷,喬思伯 JONSBO【立光代理】故障換新、漏液損害賠償！,｛喬思伯 TH-360 白色版｝A.RGB/溫度監控/一體式無限鏡風扇/厚:5.5cm/5年【WXZ】,2990,,2026-09-17 23:30:17
封閉式｜開放式水冷,喬思伯 JONSBO【立光代理】故障換新、漏液損害賠償！,｛喬思伯 TX-360 黑色版｝3.95吋磁吸式液晶/一體式風扇/厚:5.5cm/5年【WXZ】,4990,,2026-09-17 23:30:17
封閉式｜開放式水冷,喬思伯 JONSBO【立光代理】故障換新、漏液損害賠償！,｛喬思伯 TX-360 白色版｝3.95吋磁吸式液晶/一體式風扇/厚:5.5cm/5年【WXZ】,4990,,2026-09-17 23:30:17
封閉式｜開放式水冷,喬思伯 JONSBO【立光代理】故障換新、漏液損害賠償！,｛喬思伯 TF3-360 黑色版｝4螢幕水冷/3.5吋液晶/一體式三螢幕風扇/厚:5.5/6年【WXZ】,6990,,2026-09-17 23:30:17
封閉式｜開放式水冷,喬思伯 JONSBO【立光代理】故障換新、漏液損害賠償！,｛喬思伯 TF3-360 白色版｝4螢幕水冷/3.5吋液晶/一體式三螢幕風扇/厚:5.5/6年【WXZ】,6990,,2026-09-17 23:30:17
封閉式｜開放式水冷,水冷套件-水冷液【客訂商品】,｛曜越 T1000 透明水冷液｝1000ml(CL-W245)【共7種顏色請詢問】,790,,2026-09-17 23:30:17
顯示卡VGA,NVIDIA / AMD 顯示卡周邊配件,｛華碩 ROG Herculx 黑 顯示卡支撐架｝氣泡水平儀/ARGB燈效/2年(機殼需配置電源倉),1290,,2026-09-17 23:30:17
顯示卡VGA,NVIDIA / AMD 顯示卡周邊配件,｛華碩 ROG Herculx 白 顯示卡支撐架｝氣泡水平儀/ARGB燈效/2年(機殼需配置電源倉),1390,,2026-09-17 23:30:17
顯示卡VGA,NVIDIA / AMD 顯示卡周邊配件,｛酷碼 VGA Holder 顯卡用支架｝千斤頂顯卡支撐架/(0005-KUH00),490,,2026-09-17 23:30:17
顯示卡VGA,NVIDIA / AMD 顯示卡周邊配件,｛酷碼 ARGB 強化玻璃 顯卡支撐架｝(MCA-U000R-GSBTG-00),790,,2026-09-17 23:30:17
顯示卡VGA,NVIDIA / AMD 顯示卡周邊配件,｛酷碼 ATLAS ARGB 顯卡支撐架｝無限鏡面強化玻璃/鋁製支架,1390,,2026-09-17 23:30:17
顯示卡VGA,NVIDIA / AMD 顯示卡周邊配件,｛微星 MPG ARGB 顯卡支撐架 黑｝磁吸式底座/90度可旋轉設計,790,,2026-09-17 23:30:17
顯示卡VGA,NVIDIA / AMD 顯示卡周邊配件,｛微星 MPG ARGB 顯卡支撐架 白｝磁吸式底座/90度可旋轉設計,790,,2026-09-17 23:30:17
顯示卡VGA,INTEL Arc Pro B70 專業級顯示卡,｛華擎 ARC PRO B70 Creator 32G｝2540MHz/27cm/鼓風扇/註冊五年保,51290,,2026-09-17 23:30:17
顯示卡VGA,NVIDIA GeForce 210,｛微星 N210-MD1G/D3｝589MHz/1G DDR3/風扇版/14.5cm/三年保,1590,,2026-09-17 23:30:17
顯示卡VGA,NVIDIA GT710,｛華碩 GT710-SL-2GD5-BRK-EVO｝954MHz/2G DDR5/17cm/註冊四年保/保固最優,2590,,2026-09-17 23:30:17
顯示卡VGA,NVIDIA GT710,｛技嘉 N710D3-2GL｝954MHz/2G DDR3/14.4cm/三年保,2490,,2026-09-17 23:30:17
顯示卡VGA,NVIDIA GT710,｛微星 GT710 2GD3H LP｝954MHz/2G DDR3/靜音版/14.6cm/三年保,2590,,2026-09-17 23:30:17
顯示卡VGA,NVIDIA GT710,｛ZOTAC GT710-2GD3-L｝954MHz/2G DDR3/靜音版/14.6cm/註四年/三介面 *尾盤,2290,,2026-09-17 23:30:17
顯示卡VGA,NVIDIA GT710,｛ZOTAC GT710-2GD3｝954MHz/2G DDR3/單風扇/15.7cm/註四年/三介面,2490,,2026-09-17 23:30:17
顯示卡VGA,NVIDIA GT710,｛INNO3D GT710 2GB DDR3｝954MHz/靜音版/14cm/三年保固,1988,,2026-09-17 23:30:17
顯示卡VGA,NVIDIA GT730,｛華碩 GT730-SL-2GD5-BRK｝902MHz/2G DDR5/16.5cm/靜音版/註四年,3090,,2026-09-17 23:30:17
顯示卡VGA,NVIDIA GT730,｛華碩 GT730-4H-SL-2GD5｝927MHz/2G DDR5/14.8cm/靜音版/註四年/4輸出 HDMI,3490,,2026-09-17 23:30:17
顯示卡VGA,NVIDIA GT730,｛微星 N730-2GD3V3｝700MHz/2G DDR3 128Bit/14.5cm/三年保/雪精靈系列,2990,,2026-09-17 23:30:17
顯示卡VGA,NVIDIA GT730,｛微星 N730K-2GD3/OCV5｝1006MHz/2G DDR3/15cm/三年保/*尾盤,2990,,2026-09-17 23:30:17
顯示卡VGA,NVIDIA GT730,｛ZOTAC GT730 2GB Zone Edition｝902MHz/2G DDR3/15cm/無風扇/註四年/三介面,2990,,2026-09-17 23:30:17
顯示卡VGA,NVIDIA GT730,｛INNO3D GT730 2GB SDDR3 LP｝902MHz/靜音版/14cm/三年保,2688,,2026-09-17 23:30:17
顯示卡VGA,NVIDIA GT730,｛INNO3D GT730 4GB SDDR3 LP｝902MHz/單風扇/15cm/三年保,2988,,2026-09-17 23:30:17
顯示卡VGA,NVIDIA GT1030,｛華碩 GT1030-SL-2G-BRK｝1468MHz/GDDR5/17cm/註四年,3590,,2026-09-17 23:30:17
顯示卡VGA,NVIDIA GT1030,｛技嘉 GT1030 Low Profile D4 2G｝1417MHz/GDDR4/15cm/單風扇,3490,,2026-09-17 23:30:17
顯示卡VGA,NVIDIA GT1030,｛微星 GT1030 2GD4 LP OC｝1430MHz/DDR4/15cm/三年保,3590,,2026-09-17 23:30:17
顯示卡VGA,NVIDIA GT1030,｛微星 GT1030 AERO ITX 2GD4 OCV1｝1430MHz/DDR4/15cm/三年保/類比輸出,3590,,2026-09-17 23:30:17
顯示卡VGA,NVIDIA GT1030,｛ZOTAC GT1030 2GB GDDR5 HDMI/DVI Low Profile｝(P10300A-10L),3490,,2026-09-17 23:30:17
顯示卡VGA,NVIDIA GT1030,｛ZOTAC GT1030 2GB GDDR5 HDMI/VGA Low Profile｝P10300E-10L) 類比輸出,3490,,2026-09-17 23:30:17
顯示卡VGA,NVIDIA GT1030,｛INNO3D GT1030 2G｝1468MHz/GDDR5/17cm/三年保,2988,,2026-09-17 23:30:17
顯示卡VGA,NVIDIA RTX3050-6GB,｛華碩 DUAL-RTX3050-O6G｝1537MHz/20cm/雙風扇/註四年,9990,,2026-09-17 23:30:17
顯示卡VGA,NVIDIA RTX3050-6GB,｛技嘉 RTX3050 WINDFORCE OC V2 6G｝1477MHz/18cm/雙風扇/註四年,9990,,2026-09-17 23:30:17
顯示卡VGA,NVIDIA RTX3050-6GB,｛微星 RTX3050 VENTUS 2X E 6G OC｝1492MHz/19cm/雙風扇/註四年,9990,,2026-09-17 23:30:17
顯示卡VGA,NVIDIA RTX3050-6GB,｛微星 RTX3050 GAMING X 6G｝1507MHz/21cm/雙風扇/註五年,10290,,2026-09-17 23:30:17
顯示卡VGA,NVIDIA RTX3050-6GB,｛ZOTAC RTX3050 6GB GDDR6 Solo｝1470MHz/15cm/單風扇/註四年/滿料四輸出,9790,,2026-09-17 23:30:17
顯示卡VGA,NVIDIA RTX3050-6GB,｛ZOTAC RTX3050 6GB GDDR6 LP｝1470MHz/16cm/雙風扇/註四年/短版設計,9890,,2026-09-17 23:30:17
顯示卡VGA,NVIDIA RTX3050-6GB,｛ZOTAC RTX3050 6GB GDDR6 Twin Edge OC｝1477MHz/16cm/雙風扇,9990,,2026-09-17 23:30:17
顯示卡VGA,NVIDIA RTX3050-6GB,｛INNO3D RTX3050 6GB TWIN X2 V2｝1470MHz/22cm/雙風扇/註四年,8888,,2026-09-17 23:30:17
顯示卡VGA,NVIDIA RTX3050-8GB,｛技嘉 RTX3050 WINDFORCE OC V2 8G｝1792MHz/20cm/雙風扇/註四年,10490,,2026-09-17 23:30:17
顯示卡VGA,NVIDIA RTX3050-8GB,｛ZOTAC RTX3050 ECO SOLO｝1777MHz/15cm/單風扇/註冊四年保,11490,,2026-09-17 23:30:17
顯示卡VGA,NVIDIA RTX3050-8GB,｛INNO3D RTX3050 TWIN X2｝1777MHZ/24cm/超頻雙風扇/註冊四年保/[1711VA41],9888,,2026-09-17 23:30:17
顯示卡VGA,NVIDIA RTX3050-8GB,｛INNO3D RTX3050 TWIN X2｝1777MHZ/24cm/雙風扇/註冊四年保/[1190VA42],9888,,2026-09-17 23:30:17
顯示卡VGA,NVIDIA RTX3060-12GB,｛華碩 DUAL-RTX3060-O12G-V2｝1852MHz/20cm/雙風扇/註四年 OC版.時脈高,15990,,2026-09-17 23:30:17
顯示卡VGA,NVIDIA RTX3060-12GB,｛技嘉 RTX3060 WINDFORCE OC 12G(rev2.0)｝1792MHz/19.8cm/雙風扇/註四年,15990,,2026-09-17 23:30:17
顯示卡VGA,NVIDIA RTX3060-12GB,｛微星 RTX3060 VENTUS 2X 12G OC｝1807MHz/23.5cm/雙風扇/註四年,15590,,2026-09-17 23:30:17
顯示卡VGA,NVIDIA RTX3060-12GB,｛ZOTAC RTX3060 Twin Edge｝1777MHz/23cm/雙風扇/註四年,15890,,2026-09-17 23:30:17
顯示卡VGA,NVIDIA RTX5050-8GB(GDDR6),｛技嘉 RTX5050 WINDFORCE OC 8G｝2587MHz/20cm/雙風扇/註冊四年保,13490,,2026-09-17 23:30:17
顯示卡VGA,NVIDIA RTX5050-8GB(GDDR6),｛技嘉 RTX5050 OC Low Profile 8G｝2632MHz/18cm/三風扇/註冊四年保,13990,,2026-09-17 23:30:17
顯示卡VGA,NVIDIA RTX5050-8GB(GDDR6),｛技嘉 RTX5050 GAMING OC 8G｝2632MHz/28cm/三風扇/註冊五年保,14290,,2026-09-17 23:30:17
顯示卡VGA,NVIDIA RTX5050-8GB(GDDR6),｛微星 RTX5050 8G INSPIRE ITX OC｝2617MHz/15cm/單風扇/註冊四年保,13290,,2026-09-17 23:30:17
顯示卡VGA,NVIDIA RTX5050-8GB(GDDR6),｛微星 RTX5050 8G SHADOW 2X OC｝2617MHz/20cm/雙風扇/註冊四年保,13590,,2026-09-17 23:30:17
顯示卡VGA,NVIDIA RTX5050-8GB(GDDR6),｛微星 RTX5050 8G VENTUS 2X OC｝2617MHz/20cm/雙風扇/註冊四年保,13990,,2026-09-17 23:30:17
顯示卡VGA,NVIDIA RTX5050-8GB(GDDR6),｛微星 RTX5050 8G GAMING OC｝2647MHz/21cm/雙風扇/註冊五年保,14290,,2026-09-17 23:30:17
顯示卡VGA,NVIDIA RTX5050-8GB(GDDR6),｛ZOTAC RTX5050 SOLO｝2572MHz/17cm/單風扇/註冊五年,13590,,2026-09-17 23:30:17
顯示卡VGA,NVIDIA RTX5050-8GB(GDDR6),｛ZOTAC RTX5050 Twin Edge OC｝2602MHz/22cm/雙風扇/註冊五年,13990,,2026-09-17 23:30:17
顯示卡VGA,NVIDIA RTX5050-8GB(GDDR6),｛ZOTAC RTX5050 Twin Edge OC White Edition｝2602MHz/22cm/雙風扇/註五年/白,14290,,2026-09-17 23:30:17
顯示卡VGA,NVIDIA RTX5050-8GB(GDDR6),｛INNO3D RTX5050 8GB TWIN X2｝2572MHz/22.5cm/雙風扇/註冊四年,12888,,2026-09-17 23:30:17
顯示卡VGA,NVIDIA RTX5060-8GB(GDDR7),｛華碩 DUAL-RTX5060-O8G｝2565MHz/23cm/雙風扇/註冊四年/金屬背板,15990,,2026-09-17 23:30:17
顯示卡VGA,NVIDIA RTX5060-8GB(GDDR7),｛華碩 DUAL-RTX5060-O8G-A｝2587MHz/23cm/雙風扇/註冊四年/Advanced金屬背板,16290,,2026-09-17 23:30:17
顯示卡VGA,NVIDIA RTX5060-8GB(GDDR7),｛華碩 DUAL-RTX5060-O8G-WHITE｝2565MHz/23cm/雙風扇/註冊四年/白/金屬背板,16590,,2026-09-17 23:30:17
顯示卡VGA,NVIDIA RTX5060-8GB(GDDR7),｛華碩 ATS-RTX5060-O8G｝2595MHz/27cm/三風扇/免註冊五年保 [獨家-巨齒鯊]金屬背板,16590,,2026-09-17 23:30:17
顯示卡VGA,NVIDIA RTX5060-8GB(GDDR7),｛技嘉 RTX5060 WINDFORCE OC 8G｝2512MHz/20cm/雙風扇/註冊四年,15990,,2026-09-17 23:30:17
顯示卡VGA,NVIDIA RTX5060-8GB(GDDR7),｛技嘉 RTX5060 WINDFORCE MAX OC 8G｝2512MHz/20cm/雙風扇/註冊四年,15990,,2026-09-17 23:30:17
顯示卡VGA,NVIDIA RTX5060-8GB(GDDR7),｛技嘉 RTX5060 WINDFORCE MAX OC V2 8G｝2512MHz/20cm/雙風扇/註冊四年,15990,,2026-09-17 23:30:17
顯示卡VGA,NVIDIA RTX5060-8GB(GDDR7),｛技嘉 RTX5060 OC Low Profile 8G｝2512MHz/19cm/三風扇/註冊四年,15990,,2026-09-17 23:30:17
顯示卡VGA,NVIDIA RTX5060-8GB(GDDR7),｛技嘉 RTX5060 EAGLE OC 8G｝2550MHz/21cm/雙風扇/註冊五年,16490,,2026-09-17 23:30:17
顯示卡VGA,NVIDIA RTX5060-8GB(GDDR7),｛技嘉 RTX5060 EAGLE MAX OC 8G｝2550MHZ/28cm/三風扇/註五年/Hawk 風扇,16490,,2026-09-17 23:30:17
顯示卡VGA,NVIDIA RTX5060-8GB(GDDR7),｛技嘉 RTX5060 EAGLE OC ICE 8G 白｝2550MHz/21cm/雙風扇/註五年/銀白,16990,,2026-09-17 23:30:17
顯示卡VGA,NVIDIA RTX5060-8GB(GDDR7),｛技嘉 RTX5060 GAMING OC V2 8G｝2602MHz/28cm/三風扇/註冊五年,17490,,2026-09-17 23:30:17
顯示卡VGA,NVIDIA RTX5060-8GB(GDDR7),｛技嘉 RTX5060 AERO OC 8G｝2595MHz/28cm/三風扇/註冊五年/銀白,17990,,2026-09-17 23:30:17
顯示卡VGA,NVIDIA RTX5060-8GB(GDDR7),｛技嘉 AORUS RTX5060 ELITE 8G｝2722MHz/33cm/三風扇/註冊五年,18490,,2026-09-17 23:30:17
顯示卡VGA,NVIDIA RTX5060-8GB(GDDR7),｛微星 RTX5060 8G VENTUS 2X OC｝2535MHz/20cm/雙風扇/註冊四年,15990,,2026-09-17 23:30:17
顯示卡VGA,NVIDIA RTX5060-8GB(GDDR7),｛微星 RTX5060 8G VENTUS 2X OC V1｝2535MHz/20cm/雙風扇/註冊四年,15990,,2026-09-17 23:30:17
顯示卡VGA,NVIDIA RTX5060-8GB(GDDR7),｛微星 RTX5060 8G VENTUS 2X OC WHITE｝2535MHz/20cm/雙風扇/註冊四年/純白,16590,,2026-09-17 23:30:17
顯示卡VGA,NVIDIA RTX5060-8GB(GDDR7),｛微星 RTX5060 8G CYCLONE OC｝2535MHz/16cm/免註冊五年保 [獨家-雪螳螂],15990,,2026-09-17 23:30:17
顯示卡VGA,NVIDIA RTX5060-8GB(GDDR7),｛微星 RTX5060 8G VENTUS 3X OC｝2550MHz/31cm/三風扇/註冊五年,16990,,2026-09-17 23:30:17
顯示卡VGA,NVIDIA RTX5060-8GB(GDDR7),｛微星 RTX5060 8G GAMING TRIO OC｝2640MHz/30cm/三風扇/註冊五年,17990,,2026-09-17 23:30:17
顯示卡VGA,NVIDIA RTX5060-8GB(GDDR7),｛微星 RTX5060 8G GAMING TRIO OC WHITE｝2640MHz/30cm/三風扇/註冊五年,18590,,2026-09-17 23:30:17
顯示卡VGA,NVIDIA RTX5060-8GB(GDDR7),｛ZOTAC RTX5060 8GB 星辰 OC｝2512MHz/24cm/雙風扇/免註冊五年保/白 [獨家款],15990,,2026-09-17 23:30:17
顯示卡VGA,NVIDIA RTX5060-8GB(GDDR7),｛ZOTAC RTX5060 SOLO｝2497MHz/17cm/單風扇/註冊五年,16490,,2026-09-17 23:30:17
顯示卡VGA,NVIDIA RTX5060-8GB(GDDR7),｛ZOTAC RTX5060 Twin Edge OC｝2527MHz/22cm/雙風扇/註冊五年/金屬背板,15990,,2026-09-17 23:30:17
顯示卡VGA,NVIDIA RTX5060-8GB(GDDR7),｛ZOTAC RTX5060 Twin Edge OC White Edition｝2527MHz/22cm/雙風扇/註五年/金屬背板,16490,,2026-09-17 23:30:17
顯示卡VGA,NVIDIA RTX5060-8GB(GDDR7),｛ZOTAC RTX5060 Low Profile｝2497MHz/18.3cm/三風扇/短卡設計/註冊五年,16490,,2026-09-17 23:30:17
顯示卡VGA,NVIDIA RTX5060-8GB(GDDR7),｛ZOTAC RTX5060 AMP｝2550MHz/22cm/雙風扇/註冊五年,16990,,2026-09-17 23:30:17
顯示卡VGA,NVIDIA RTX5060-8GB(GDDR7),｛INNO3D RTX5060 8GB TWIN X2 V2｝2497MHz/23cm/註四年/雙風扇,15488,,2026-09-17 23:30:17
顯示卡VGA,NVIDIA RTX5060-8GB(GDDR7),｛INNO3D RTX5060 8GB TWIN X2 OC WHITE｝2527MHz/25cm/超頻雙風扇/映雪,16488,,2026-09-17 23:30:17
顯示卡VGA,NVIDIA RTX5060-8GB(GDDR7),｛INNO3D RTX5060 X3 LOW PROFILE｝2497MHz/18cm/三風扇/註冊四年/短卡,15488,,2026-09-17 23:30:17
顯示卡VGA,NVIDIA RTX5060Ti-8GB(GDDR7),｛華碩 PRIME-RTX5060TI-O8G｝2647MHz/31cm/三風扇/註五年/2.5 Slot 設計,20990,,2026-09-17 23:30:17
顯示卡VGA,NVIDIA RTX5060Ti-8GB(GDDR7),｛華碩 T1-RTX5060TI-O8G-GAMING｝2662MHz/26.7cm/三風扇/註五年/T1冠軍戰隊版,21990,,2026-09-17 23:30:17
顯示卡VGA,NVIDIA RTX5060Ti-8GB(GDDR7),｛技嘉 RTX5060Ti WINDFORCE 8G｝2572MHz/21cm/雙風扇/註冊四年保,18590,,2026-09-17 23:30:17
顯示卡VGA,NVIDIA RTX5060Ti-8GB(GDDR7),｛技嘉 RTX5060Ti WINDFORCE OC 8G｝2587MHz/21cm/雙風扇/註四年保,18990,,2026-09-17 23:30:17
顯示卡VGA,NVIDIA RTX5060Ti-8GB(GDDR7),｛技嘉 RTX5060Ti WINDFORCE MAX OC 8G｝2587MHz/21cm/雙風扇/註冊四年保,18990,,2026-09-17 23:30:17
顯示卡VGA,NVIDIA RTX5060Ti-8GB(GDDR7),｛技嘉 RTX5060Ti EAGLE OC 8G｝2617MHz/22cm/雙風扇/註冊五年保,19490,,2026-09-17 23:30:17
顯示卡VGA,NVIDIA RTX5060Ti-8GB(GDDR7),｛技嘉 RTX5060Ti EAGLE MAX OC 8G｝2617MHz/28cm/三風扇/註冊五年保,19490,,2026-09-17 23:30:17
顯示卡VGA,NVIDIA RTX5060Ti-8GB(GDDR7),｛技嘉 RTX5060Ti EAGLE OC ICE 8G｝2617MHz/22cm/雙風扇/註冊五年保/白,19990,,2026-09-17 23:30:17
顯示卡VGA,NVIDIA RTX5060Ti-8GB(GDDR7),｛技嘉 RTX5060Ti GAMING OC 8G｝2647MHz/28cm/三風扇/註冊五年保,20990,,2026-09-17 23:30:17
顯示卡VGA,NVIDIA RTX5060Ti-8GB(GDDR7),｛技嘉 RTX5060Ti AERO OC 8G｝2647MHz/28cm/三風扇/註冊五年保/白,21590,,2026-09-17 23:30:17
顯示卡VGA,NVIDIA RTX5060Ti-8GB(GDDR7),｛微星 RTX5060Ti 8G CYCLONE OC｝2617MHz/16cm/免註冊五年保 [獨家-雪螳螂],18990,,2026-09-17 23:30:17
顯示卡VGA,NVIDIA RTX5060Ti-8GB(GDDR7),｛微星 RTX5060Ti 8G VENTUS 2X PLUS｝2587MHz/23cm/雙風扇/註四年,18990,,2026-09-17 23:30:17
顯示卡VGA,NVIDIA RTX5060Ti-8GB(GDDR7),｛微星 RTX5060Ti 8G SHADOW 2X OC PLUS｝2617MHz/23cm/雙風扇/註四年,18990,,2026-09-17 23:30:17
顯示卡VGA,NVIDIA RTX5060Ti-8GB(GDDR7),｛微星 RTX5060Ti 8G VENTUS 2X OC PLUS｝2617MHz/23cm/雙風扇/註四年,19590,,2026-09-17 23:30:17
顯示卡VGA,NVIDIA RTX5060Ti-8GB(GDDR7),｛微星 RTX5060Ti 8G VENTUS 2X OC WHITE PLUS｝2617MHz/23cm/雙風/註四年/白,19990,,2026-09-17 23:30:17
顯示卡VGA,NVIDIA RTX5060Ti-8GB(GDDR7),｛微星 RTX5060Ti 8G VENTUS 3X OC｝2617MHz/31cm/三風扇/註五年,19990,,2026-09-17 23:30:17
顯示卡VGA,NVIDIA RTX5060Ti-8GB(GDDR7),｛微星 RTX5060Ti 8G GAMING TRIO OC｝2662MHz/30cm/三風扇/註五年,20990,,2026-09-17 23:30:17
顯示卡VGA,NVIDIA RTX5060Ti-8GB(GDDR7),｛微星 RTX5060Ti 8G GAMING TRIO OC WHITE｝2662MHz/30cm/三風扇/註五年/白,21590,,2026-09-17 23:30:17
顯示卡VGA,NVIDIA RTX5060Ti-8GB(GDDR7),｛ZOTAC RTX5060Ti 8GB 月白 OC｝2602MHz/30cm/三風扇/免註冊五年保/白 [獨家版],19490,,2026-09-17 23:30:17
顯示卡VGA,NVIDIA RTX5060Ti-8GB(GDDR7),｛ZOTAC RTX5060Ti 8GB Twin Edge OC｝2602MHz/22cm/雙風扇/註五年/金屬背板,19490,,2026-09-17 23:30:17
顯示卡VGA,NVIDIA RTX5060Ti-8GB(GDDR7),｛ZOTAC RTX5060Ti 8GB AMP｝2632MHz/22cm/雙風扇/註五年/金屬背板,20490,,2026-09-17 23:30:17
顯示卡VGA,NVIDIA RTX5060Ti-8GB(GDDR7),｛INNO3D RTX5060Ti 8GB TWIN X2｝2572MHz/25cm/註四年/雙風扇,18488,,2026-09-17 23:30:17
顯示卡VGA,NVIDIA RTX5060Ti-8GB(GDDR7),｛INNO3D RTX5060Ti 8GB TWIN X2 OC WHITE｝2602MHz/25cm/註四年/雙風/映雪,19488,,2026-09-17 23:30:17
顯示卡VGA,NVIDIA RTX5060Ti-16GB(GDDR7),｛華碩 DUAL-RTX5060TI-O16G｝2632MHz/23cm/雙風扇/註冊四年保固,25590,,2026-09-17 23:30:17
顯示卡VGA,NVIDIA RTX5060Ti-16GB(GDDR7),｛華碩 DUAL-RTX5060TI-O16G-WHITE｝2632MHz/23cm/雙風扇/註冊四年保/白,26590,,2026-09-17 23:30:17
顯示卡VGA,NVIDIA RTX5060Ti-16GB(GDDR7),｛華碩 PRIME-RTX5060TI-16G｝2602MHz/31cm/三風扇/註冊五年保固,26590,,2026-09-17 23:30:17
顯示卡VGA,NVIDIA RTX5060Ti-16GB(GDDR7),｛華碩 PRIME-RTX5060TI-O16G｝2647MHz/31cm/三風扇/註冊五年保固,27590,,2026-09-17 23:30:17
顯示卡VGA,NVIDIA RTX5060Ti-16GB(GDDR7),｛技嘉 AORUS RTX5060Ti AI BOX｝2572MHz/外接式顯示卡/Thunderbolt 5隨插即用,31990,,2026-09-17 23:30:17
顯示卡VGA,NVIDIA RTX5060Ti-16GB(GDDR7),｛微星 RTX5060Ti 16G CYCLONE OC｝2617MHz/16cm/免註冊五年保 [獨家-雪螳螂],25590,,2026-09-17 23:30:17
顯示卡VGA,NVIDIA RTX5060Ti-16GB(GDDR7),｛微星 RTX5060Ti 16G SHADOW 2X OC PLUS｝2617MHz/23cm/雙風扇/註四年,25590,,2026-09-17 23:30:17
顯示卡VGA,NVIDIA RTX5060Ti-16GB(GDDR7),｛微星 RTX5060Ti 16G VENTUS 2X OC PLUS｝2617MHz/23cm/雙風扇/註四年,25990,,2026-09-17 23:30:17
顯示卡VGA,NVIDIA RTX5060Ti-16GB(GDDR7),｛ZOTAC RTX5060Ti 16GB Twin Edge｝2572MHz/22cm/雙風扇/註冊五年保/金屬背板,24490,,2026-09-17 23:30:17
顯示卡VGA,NVIDIA RTX5060Ti-16GB(GDDR7),｛ZOTAC RTX5060Ti 16GB Twin Edge OC｝2602MHz/22cm/雙風扇/註五年/金屬背板,24990,,2026-09-17 23:30:17
顯示卡VGA,NVIDIA RTX5060Ti-16GB(GDDR7),｛INNO3D RTX5060Ti 16GB TWIN X2｝2572MHz/25cm/註四年/雙風扇,24488,,2026-09-17 23:30:17
顯示卡VGA,NVIDIA RTX5070-12GB(GDDR7),｛華碩 PRIME-RTX5070-12G｝2542MHz/31cm/三風扇/註冊五年保,30990,,2026-09-17 23:30:17
顯示卡VGA,NVIDIA RTX5070-12GB(GDDR7),｛華碩 PRIME-RTX5070-O12G｝2587MHz/31cm/三風扇/註冊五年保,31990,,2026-09-17 23:30:17
顯示卡VGA,NVIDIA RTX5070-12GB(GDDR7),｛華碩 T1-RTX5070-O12G-GAMING｝2595MHz/31cm/三風扇/註五年/T1冠軍戰隊版,32990,,2026-09-17 23:30:17
顯示卡VGA,NVIDIA RTX5070-12GB(GDDR7),｛技嘉 RTX5070 WINDFORCE OC SFF 12G｝2542MHz/29cm/三風扇/註冊四年保,29990,,2026-09-17 23:30:17
顯示卡VGA,NVIDIA RTX5070-12GB(GDDR7),｛技嘉 RTX5070 EAGLE OC SFF 12G｝2587MHz/29cm/三風扇/註五年,30990,,2026-09-17 23:30:17
顯示卡VGA,NVIDIA RTX5070-12GB(GDDR7),｛技嘉 RTX5070 EAGLE OC ICE SFF 12G｝2587MHz/29cm/三風扇/註五年/冰魄白,31490,,2026-09-17 23:30:17
顯示卡VGA,NVIDIA RTX5070-12GB(GDDR7),｛技嘉 RTX5070 GAMING OC 12G｝2625MHz/33cm/三風扇/註五年,32490,,2026-09-17 23:30:17
顯示卡VGA,NVIDIA RTX5070-12GB(GDDR7),｛技嘉 RTX5070 AERO OC 12G｝2625MHz/33cm/三風扇/註五年,32990,,2026-09-17 23:30:17
顯示卡VGA,NVIDIA RTX5070-12GB(GDDR7),｛技嘉 AORUS RTX5070 MASTER 12G｝2715MHz/32cm/三風扇/註五年,33990,,2026-09-17 23:30:17
顯示卡VGA,NVIDIA RTX5070-12GB(GDDR7),｛技嘉 AORUS RTX5070 INFINITY 12G｝2715MHz/31cm/渦流雙風扇/註五年,33990,,2026-09-17 23:30:17
顯示卡VGA,NVIDIA RTX5070-12GB(GDDR7),｛微星 RTX5070 12G SHADOW 2X OC｝2557MHz/24cm/雙風扇/註四年,29990,,2026-09-17 23:30:17
顯示卡VGA,NVIDIA RTX5070-12GB(GDDR7),｛微星 RTX5070 12G VENTUS 2X OC｝2557MHz/24cm/雙風扇/註四年,30590,,2026-09-17 23:30:17
顯示卡VGA,NVIDIA RTX5070-12GB(GDDR7),｛微星 RTX5070 12G VENTUS 2X OC WHITE｝2557MHz/24cm/雙風扇/雪白,30990,,2026-09-17 23:30:17
顯示卡VGA,NVIDIA RTX5070-12GB(GDDR7),｛微星 RTX5070 12G INSPIRE 3X OC｝2557MHz/29cm/三風扇/註五年,30990,,2026-09-17 23:30:17
顯示卡VGA,NVIDIA RTX5070-12GB(GDDR7),｛微星 RTX5070 12G VENTUS 3X OC｝2557MHz/31cm/三風扇/註五年,31590,,2026-09-17 23:30:17
顯示卡VGA,NVIDIA RTX5070-12GB(GDDR7),｛微星 RTX5070 12G GAMING TRIO OC｝2625MHz/34cm/三風扇/註五年,32990,,2026-09-17 23:30:17
顯示卡VGA,NVIDIA RTX5070-12GB(GDDR7),｛ZOTAC RTX5070 Twin Edge｝2512MHz/24cm/雙風扇/註五年,28990,,2026-09-17 23:30:17
顯示卡VGA,NVIDIA RTX5070-12GB(GDDR7),｛ZOTAC RTX5070 Twin Edge OC｝2542MHz/24cm/雙風扇/註五年,29990,,2026-09-17 23:30:17
顯示卡VGA,NVIDIA RTX5070-12GB(GDDR7),｛ZOTAC RTX5070 SOLID｝2512MHz/31cm/三風扇/註五年,30990,,2026-09-17 23:30:17
顯示卡VGA,NVIDIA RTX5070-12GB(GDDR7),｛ZOTAC RTX5070 SOLID OC｝2542MHz/31cm/三風扇/註五年,31490,,2026-09-17 23:30:17
顯示卡VGA,NVIDIA RTX5070-12GB(GDDR7),｛ZOTAC RTX5070 AMP White Edition｝2587MHz/31cm/三風扇/註五年,31990,,2026-09-17 23:30:17
顯示卡VGA,NVIDIA RTX5070-12GB(GDDR7),｛INNO3D RTX5070 TWIN X2｝2512MHz/25cm/雙風扇/註四年,28888,,2026-09-17 23:30:17
顯示卡VGA,NVIDIA RTX5070-12GB(GDDR7),｛INNO3D RTX5070 TWIN X2 OC WHITE｝2542MHz/25cm/超頻雙風/白註四年,29888,,2026-09-17 23:30:17
顯示卡VGA,NVIDIA RTX5070-12GB(GDDR7),｛INNO3D RTX5070 iChill X3｝2572MHz/34cm/ARGB三風扇/註冊五年,30888,,2026-09-17 23:30:17
顯示卡VGA,NVIDIA RTX5070Ti-16GB(GDDR7),限搭機｛華碩 TUF-RTX5070TI-O16G-GAMING｝2610MHz/33cm/三風扇/註五年,46990,,2026-09-17 23:30:17
顯示卡VGA,NVIDIA RTX5070Ti-16GB(GDDR7),限搭機｛ROG-STRIX-RTX5070TI-16G-GAMING｝2482MHz/33cm/三風扇/註五年,49990,,2026-09-17 23:30:17
顯示卡VGA,NVIDIA RTX5070Ti-16GB(GDDR7),限搭機｛技嘉 RTX5070Ti EAGLE OC SFF 16G｝2542MHz/31cm/三風扇/註五年,45990,,2026-09-17 23:30:17
顯示卡VGA,NVIDIA RTX5070Ti-16GB(GDDR7),限搭機｛技嘉 RTX5070Ti GAMING OC 16G｝2588MHz/34cm/三風扇/註五年,46990,,2026-09-17 23:30:17
顯示卡VGA,NVIDIA RTX5070Ti-16GB(GDDR7),限搭機｛技嘉 RTX5070Ti AERO OC 16G｝2588MHz/34cm/三風扇/註五年,46990,,2026-09-17 23:30:17
顯示卡VGA,NVIDIA RTX5070Ti-16GB(GDDR7),限搭機｛微星 RTX5070Ti 16G SHADOW 3X OC｝2497MHz/31cm/三風扇/註四年),44990,,2026-09-17 23:30:17
顯示卡VGA,NVIDIA RTX5070Ti-16GB(GDDR7),限搭機｛微星 RTX5070Ti 16G GAMING TRIO OC｝2580MHz/34cm/三風扇/註五年,46990,,2026-09-17 23:30:17
顯示卡VGA,NVIDIA RTX5070Ti-16GB(GDDR7),｛ZOTAC RTX5070Ti 16GB 天啟 OC｝2572MHz/36cm/三風扇/免註冊五年保 [獨家版],46490,,2026-09-17 23:30:17
顯示卡VGA,NVIDIA RTX5070Ti-16GB(GDDR7),｛ZOTAC RTX5070Ti SOLID CORE OC White Edition｝2482MHz/31cm/註五年,46990,,2026-09-17 23:30:17
顯示卡VGA,NVIDIA RTX5080-16GB(GDDR7),｛技嘉 RTX5080 WINDFORCE OC SFF 16G｝2670MHz/31cm/三風扇/註冊四年保,53990,,2026-09-17 23:30:17
顯示卡VGA,NVIDIA RTX5080-16GB(GDDR7),｛技嘉 RTX5080 GAMING OC 16G｝2730MHz/34cm/三風扇/註冊五年保,54990,,2026-09-17 23:30:17
顯示卡VGA,NVIDIA RTX5080-16GB(GDDR7),｛技嘉 AORUS RTX5080 MASTER 16G｝2805MHz/36cm/三風扇/註冊五年保,57990,,2026-09-17 23:30:17
顯示卡VGA,NVIDIA RTX5080-16GB(GDDR7),｛技嘉 AORUS RTX5080 INFINITY 16G｝2805MHz/33cm/渦流雙風扇/註五年,61990,,2026-09-17 23:30:17
顯示卡VGA,NVIDIA RTX5080-16GB(GDDR7),｛微星 RTX5080 16G VENTUS 3X OC｝2655MHz/31cm/三風扇/註五年,53990,,2026-09-17 23:30:17
顯示卡VGA,NVIDIA RTX5080-16GB(GDDR7),｛ZOTAC RTX5080 SOLID CORE OC｝2640MHz/31cm/三風扇/註五年,53990,,2026-09-17 23:30:17
顯示卡VGA,NVIDIA RTX5080-16GB(GDDR7),｛ZOTAC RTX5080 SOLID OC White Edition｝2640MHz/33cm/三風扇/註五年/白色,54990,,2026-09-17 23:30:17
顯示卡VGA,NVIDIA RTX5080-16GB(GDDR7),｛ZOTAC RTX5080 SOLID CORE OC 20th Anniversary Edition｝二十周年紀念版,55990,,2026-09-17 23:30:17
顯示卡VGA,NVIDIA RTX5080-16GB(GDDR7),｛INNO3D RTX5080 X3｝2617MHz/30cm/三風扇/Dual Slot/註四年,52888,,2026-09-17 23:30:17
顯示卡VGA,NVIDIA RTX5080-16GB(GDDR7),｛INNO3D RTX5080 X3 OC｝2640MHz/30cm/註四年/超頻三風扇/註四年,53888,,2026-09-17 23:30:17
顯示卡VGA,NVIDIA RTX5080-16GB(GDDR7),｛INNO3D RTX5080 X3 OC WHITE｝2640MHz/30cm/超頻三風扇/註四年/映雪,53888,,2026-09-17 23:30:17
顯示卡VGA,NVIDIA RTX5080-16GB(GDDR7),｛INNO3D RTX5080 iChill X3 V2｝2715MHz/34cm/ARGB三風扇/註冊五年,54888,,2026-09-17 23:30:17
顯示卡VGA,NVIDIA RTX5090-32GB(GDDR7),限搭機｛華碩 PROART-RTX5090-O32G｝2512MHz/31cm/雙風扇/註五年/2.5-slot/少量.先詢問),175990,,2026-09-17 23:30:17
顯示卡VGA,NVIDIA RTX5090-32GB(GDDR7),限搭機｛技嘉 AORUS RTX5090 MASTER 32G｝2655MHz/36cm/三風扇/註冊五年保,169990,,2026-09-17 23:30:17
顯示卡VGA,NVIDIA RTX5090-32GB(GDDR7),限搭機｛技嘉 AORUS RTX5090 MASTER ICE 32G｝2655MHz/36cm/註冊五年保,169990,,2026-09-17 23:30:17
顯示卡VGA,NVIDIA RTX5090-32GB(GDDR7),限搭機｛技嘉 AORUS RTX5090 STEALTH ICE 32G｝2655MHz/36cm/註五年/背藏線電源,172990,,2026-09-17 23:30:17
顯示卡VGA,NVIDIA RTX5090-32GB(GDDR7),限搭機｛技嘉 AORUS RTX5090 XTREME WATERFORCE 32G｝水冷/註冊五年保,174990,,2026-09-17 23:30:17
顯示卡VGA,NVIDIA RTX5090-32GB(GDDR7),限搭機｛技嘉 AORUS RTX5090 INFINITY 32G｝2730MHz/33cm/渦流雙風扇,179990,,2026-09-17 23:30:17
顯示卡VGA,NVIDIA RTX5090-32GB(GDDR7),限搭機｛微星 RTX5090 32G SUPRIM SOC｝2580MHz/36cm/三風扇/註五年,169990,,2026-09-17 23:30:17
顯示卡VGA,NVIDIA RTX5090-32GB(GDDR7),限搭機｛ZOTAC RTX5090 SOLID OC White Edition｝2422MHz/33cm/三風扇/註五年/白色(少量.先詢問,164990,,2026-09-17 23:30:17
顯示卡VGA,NVIDIA RTX5090-32GB(GDDR7),限搭機｛INNO3D RTX5090 X3｝2400MHz/33cm/三風扇/註冊四年/少量.先詢問,163888,,2026-09-17 23:30:17
顯示卡VGA,NVIDIA 專業工作站繪圖卡,｛麗臺 NVIDIA RTX A400｝4G GDDR6 64bit/CUDA:768/16.26cm/三年保固,9100,,2026-09-17 23:30:17
顯示卡VGA,NVIDIA 專業工作站繪圖卡,｛麗臺 NVIDIA RTX A1000｝8G GDDR6 128bit/CUDA:2304/16.26cm/三年保固,20600,,2026-09-17 23:30:17
顯示卡VGA,NVIDIA 專業工作站繪圖卡,｛麗臺 NVIDIA RTX 2000 Ada｝16GB GDDR6/CUDA:2816/16.76cm/三年保固,29300,,2026-09-17 23:30:17
顯示卡VGA,NVIDIA 專業工作站繪圖卡,｛麗臺 NVIDIA RTX 4000 SFF Ada｝20GB GDDR6 ECC/16.76cm/三年保固/小卡,55000,,2026-09-17 23:30:17
顯示卡VGA,NVIDIA 專業工作站繪圖卡,｛麗臺 NVIDIA RTX 6000 Ada｝48GB GDDR6 ECC/26.67cm/三年保固,289900,,2026-09-17 23:30:17
顯示卡VGA,NVIDIA 專業工作站繪圖卡,｛麗臺 NVIDIA RTX PRO 2000 Blackwell 16GB GDDR7｝工作站繪圖卡,66300,,2026-09-17 23:30:17
顯示卡VGA,NVIDIA 專業工作站繪圖卡,｛麗臺 NVIDIA RTX PRO 4000 Blackwell SFF 24GB GDDR7｝工作站繪圖卡,124000,,2026-09-17 23:30:17
顯示卡VGA,NVIDIA 專業工作站繪圖卡,｛麗臺 NVIDIA RTX PRO 4000 Blackwell 24GB GDDR7｝工作站繪圖卡,124000,,2026-09-17 23:30:17
顯示卡VGA,NVIDIA 專業工作站繪圖卡,｛麗臺 NVIDIA RTX PRO 4500 Blackwell 32GB GDDR7｝工作站繪圖卡,189000,,2026-09-17 23:30:17
顯示卡VGA,NVIDIA 專業工作站繪圖卡,｛麗臺 NVIDIA RTX PRO 5000 Blackwell 48GB GDDR7｝工作站繪圖卡,325000,,2026-09-17 23:30:17
顯示卡VGA,NVIDIA 專業工作站繪圖卡,｛麗臺 NVIDIA RTX PRO 5000 Blackwell 72GB GDDR7｝工作站繪圖卡,435000,,2026-09-17 23:30:17
顯示卡VGA,NVIDIA 專業工作站繪圖卡,｛麗臺 NVIDIA RTX PRO 6000 Blackwell Max-Q 96GB GDDR7｝工作站級,575000,,2026-09-17 23:30:17
顯示卡VGA,NVIDIA 專業工作站繪圖卡,｛麗臺 NVIDIA RTX PRO 6000 Blackwell 96GB GDDR7｝工作站繪圖卡,585000,,2026-09-17 23:30:17
顯示卡VGA,NVIDIA 專業工作站繪圖卡,[加購價]｛麗臺 mini-DP轉DVI-D轉接線｝,190,,2026-09-17 23:30:17
顯示卡VGA,AMD Radeon RX7650GRE-8G,｛藍寶石 白金版 PULSE RX7650GRE GAMING 8GB｝2695MHz/24cm/雙風/註五年/金屬背板,9590,,2026-09-17 23:30:17
顯示卡VGA,AMD Radeon RX7650GRE-8G,｛藍寶石 極地 PURE RX7650GRE GAMING 8GB｝2695MHz/24cm/雙風/註五年/白/金屬背板,9690,,2026-09-17 23:30:17
顯示卡VGA,AMD Radeon RX7650GRE-8G,｛撼訊 RX7650GRE 8G-L/OC Hellhound 暗黑犬｝2755MHz/24cm/雙風扇/註四年,8490,,2026-09-17 23:30:17
顯示卡VGA,AMD Radeon RX9060XT-8G,｛技嘉 RX9060XT GAMING OC 8G｝3320MHz/28cm/三風扇/註冊五年保,11490,,2026-09-17 23:30:17
顯示卡VGA,AMD Radeon RX9060XT-8G,｛華擎 RX9060XT Challenger 8GB OC｝3290MHz/25cm/雙風扇/註冊四年保,11990,,2026-09-17 23:30:17
顯示卡VGA,AMD Radeon RX9060XT-8G,｛Acer Nitro RX9060XT OC 8GB｝3320MHz/27cm/雙風扇/三年保固),10990,,2026-09-17 23:30:17
顯示卡VGA,AMD Radeon RX9060XT-8G,｛撼訊 RX9060XT 8G-L/OC Hellhound 暗黑犬｝3310MHz/33cm/三風/註四年/MIT台灣製,11490,,2026-09-17 23:30:17
顯示卡VGA,AMD Radeon RX9060XT-16G,｛技嘉 RX9060XT GAMING OC 16G｝3300MHz/28cm/三風扇/註冊五年保,16890,,2026-09-17 23:30:17
顯示卡VGA,AMD Radeon RX9060XT-16G,｛技嘉 RX9060XT GAMING OC ICE 16G｝3320MHz/28cm/三風扇/註冊五年保/白,17390,,2026-09-17 23:30:17
顯示卡VGA,AMD Radeon RX9060XT-16G,｛華擎 RX9060XT Challenger 16GB OC｝3290MHz/25cm/雙風扇/註冊四年保,16790,,2026-09-17 23:30:17
顯示卡VGA,AMD Radeon RX9060XT-16G,｛Acer Nitro RX9060XT OC 16GB｝3320MHz/27cm/雙風扇/三年保固,17390,,2026-09-17 23:30:17
顯示卡VGA,AMD Radeon RX9060XT-16G,｛藍寶石 脈動 PULSE RX9060XT GAMING OC 16GB｝3290MHz/25cm/雙風/註五年/金屬背板,15800,,2026-09-17 23:30:17
顯示卡VGA,AMD Radeon RX9060XT-16G,｛藍寶石 極地 PURE RX9060XT GAMING OC 16GB｝3290MHz/24cm/雙風/註五年/白/金屬背板,16490,,2026-09-17 23:30:17
顯示卡VGA,AMD Radeon RX9060XT-16G,｛藍寶石 氮動 NITRO+ RX9060XT GAMING OC 16GB｝3320MHz/30cm/三風/註五年/金屬背板,16990,,2026-09-17 23:30:17
顯示卡VGA,AMD Radeon RX9060XT-16G,｛撼訊 RX9060XT 16G-A Reaper 遊蕩者｝3230MHz/22cm/雙風扇/三年保固/MIT台灣製,14590,,2026-09-17 23:30:17
顯示卡VGA,AMD Radeon RX9060XT-16G,｛撼訊 RX9060XT 16G-L/OC Hellhound 暗黑犬｝3310MHz/33cm/三風扇/四年固/MIT台灣製,15990,,2026-09-17 23:30:17
顯示卡VGA,AMD Radeon RX9070GRE-12G,｛華碩 ATS-RX9070GRE-O12G ｝2880MHz/31cm/三風扇/免註冊五年保 [獨家-巨齒鯊],18990,,2026-09-17 23:30:17
顯示卡VGA,AMD Radeon RX9070GRE-12G,｛技嘉 RX9070GRE GAMING OC 12G｝2920MHz/29cm/三風扇/註冊五年保,19990,,2026-09-17 23:30:17
顯示卡VGA,AMD Radeon RX9070GRE-12G,｛華擎 RX9070GRE Steel Legend Dark 12GB OC｝2920MHz/30cm/三風扇/註五保,20690,,2026-09-17 23:30:17
顯示卡VGA,AMD Radeon RX9070GRE-12G,｛藍寶石 脈動 PULSE RX9070GRE GAMING 12GB｝2790MHz/28cm/雙風/註五年,19990,,2026-09-17 23:30:17
顯示卡VGA,AMD Radeon RX9070GRE-12G,｛藍寶石 脈動 PULSE RX9070GRE GAMING OC 12GB｝2920MHz/28cm/雙風/註五年,20490,,2026-09-17 23:30:17
顯示卡VGA,AMD Radeon RX9070GRE-12G,｛藍寶石 極地 PURE RX9070GRE GAMING OC 12GB｝2920MHz/32cm/三風/註五年/白/金屬背板,20590,,2026-09-17 23:30:17
顯示卡VGA,AMD Radeon RX9070GRE-12G,｛撼訊 RX9070GRE 12G-A Reaper 遊蕩者｝2790MHz/31cm/三風扇/三年保固,17990,,2026-09-17 23:30:17
顯示卡VGA,AMD Radeon RX9070GRE-12G,｛撼訊 RX9070GRE 12G-L/OC Hellhound 暗黑犬｝2860MHz/33cm/三風扇/註四年,18990,,2026-09-17 23:30:17
顯示卡VGA,AMD Radeon RX9070-16G,｛華碩 PRIME-RX9070-O16G-EVO｝2610MHz/32cm/三風扇/五年保,24900,,2026-09-17 23:30:17
顯示卡VGA,AMD Radeon RX9070-16G,｛技嘉 RX9070 GAMING OC 16G｝2700MHz/29cm/三風扇/五年保,24890,,2026-09-17 23:30:17
顯示卡VGA,AMD Radeon RX9070-16G,｛華擎 RX9070 Challenger 16GB｝2520MHz/29cm/三風扇/五年保,24590,,2026-09-17 23:30:17
顯示卡VGA,AMD Radeon RX9070-16G,限搭機｛華擎 RX9070 Challenger 16GB｝2520MHz/29cm/三風扇/五年保,23990,,2026-09-17 23:30:17
顯示卡VGA,AMD Radeon RX9070XT-16G,｛技嘉 RX9070XT GAMING 16G｝2970MHz/29cm/三風扇/五年保,26890,,2026-09-17 23:30:17
顯示卡VGA,AMD Radeon RX9070XT-16G,｛技嘉 AORUS RX9070XT ELITE 16G｝3100MHz/34cm/三風扇/五年保,29890,,2026-09-17 23:30:17
顯示卡VGA,AMD Radeon RX9070XT-16G,｛華擎 RX9070XT Challenger 16GB｝2970MHz/29cm/三風扇/註五年保,26890,,2026-09-17 23:30:17
顯示卡VGA,AMD Radeon RX9070XT-16G,｛Acer NITRO RX9070XT 16G OC｝3100MHz/30cm/三風扇/三年保),25990,,2026-09-17 23:30:17
顯示卡VGA,AMD Radeon RX9070XT-16G,｛Acer Predator BiFrost RX9070XT 16G OC White｝3100MHz/30cm/三風扇/三年保,26990,,2026-09-17 23:30:17
顯示卡VGA,AMD Radeon RX9070XT-16G,｛藍寶石 脈動 PULSE RX9070XT GAMING 16GB｝2970MHz/32cm/三風/註五年/全鋁背板,25990,,2026-09-17 23:30:17
顯示卡VGA,AMD Radeon RX9070XT-16G,｛藍寶石 極地 PURE RX9070XT GAMING OC 16GB｝3010MHz/32cm/三風/註五年/白/金屬背板,26990,,2026-09-17 23:30:17
顯示卡VGA,AMD Radeon RX9070XT-16G,｛藍寶石 氮動 NITRO+ RX9070XT GAMING OC 16GB｝3060MHz/33cm/三風/註五年/隱藏電源設計,28990,,2026-09-17 23:30:17
顯示卡VGA,AMD Radeon RX9070XT-16G,｛藍寶石 氮動 NITRO+ RX9070XT Crimson Desert｝赤血沙漠版/註五年-附限量塗裝背板,28990,,2026-09-17 23:30:17
顯示卡VGA,AMD Radeon RX9070XT-16G,｛藍寶石 氮動 NITRO+ RX9070XT OC 16GB PhantomLink｝背插式GC HWPR/註五年,30490,,2026-09-17 23:30:17
顯示卡VGA,AMD Radeon RX9070XT-16G,｛藍寶石 氮動 NITRO+ RX9070XT OC 16GB PhantomLink Polar｝背插式GC HWPR/註五年/白,30990,,2026-09-17 23:30:17
顯示卡VGA,AMD Radeon RX9070XT-16G,｛撼訊 RX9070XT 16G-A 遊蕩者｝2970MHz/31cm/三風扇/三年保/MIT台灣製,25590,,2026-09-17 23:30:17
顯示卡VGA,AMD Radeon RX9070XT-16G,｛撼訊 RX9070XT 16G-L/OC 暗黑犬｝3010MHz/34cm/三風扇/註四年/MIT台灣製,26990,,2026-09-17 23:30:17
顯示卡VGA,AMD Radeon RX9070XT-16G,｛撼訊 RX9070XT 16G-L/OC/WHITE 暗黑犬(白)｝3010MHz/34cm/三風扇/MIT台灣製,27990,,2026-09-17 23:30:17
顯示卡VGA,AMD Radeon RX9070XT-16G,｛撼訊 RX9070XT 16G-L/OC/REVA 夜嵐紀念版｝3010MHz/35cm/三風扇/附夜嵐磁吸背板,27990,,2026-09-17 23:30:17
顯示卡VGA,AMD Radeon RX9070XT-16G,｛撼訊 RX9070XT 16G-E/OC 紅魔｝3060MHz/36cm/三風扇/註五年/MIT台灣製,28990,,2026-09-17 23:30:17
顯示卡VGA,AMD 專業級/工作站級 顯卡,｛撼訊 AI PRO R9700 32G-B｝2920MHz/27cm/鼓風扇/三年保/專業級繪圖卡,58990,,2026-09-17 23:30:17
CASE 機殼(+電源),特價 or 活動專區,Montech HS01 PRO(黑) 玻璃透側/ATX+Montech PureFlow 360 ARGB(黑)水冷 現省,1190,,2026-09-17 23:30:17
CASE 機殼(+電源),特價 or 活動專區,Montech HS01 PRO(白) 玻璃透側/ATX+Montech PureFlow 360 ARGB(白)水冷 現省,1190,,2026-09-17 23:30:17
CASE 機殼(+電源),特價 or 活動專區,｛darkFlash DY460 白｝顯卡長40/CPU高18.5/三面全景玻璃/支援背插/ATX 原價,2990,,2026-09-17 23:30:17
CASE 機殼(+電源),特價 or 活動專區,｛COUGAR Airface Pure Pro 黑｝顯卡長32/CPU高17.5/玻璃透側/ATX 原價,1890,,2026-09-17 23:30:17
CASE 機殼(+電源),特價 or 活動專區,｛COUGAR Airface Pure Pro 白｝顯卡長32/CPU高17.5/玻璃透側/ATX 原價,1990,,2026-09-17 23:30:17
CASE 機殼(+電源),特價 or 活動專區,｛曜越 View 290 TG ARGB 黑｝顯卡長45/U高18/全景曲面玻璃/支援背插/ATX 原價,2690,,2026-09-17 23:30:17
CASE 機殼(+電源),特價 or 活動專區,｛曜越 View 290 TG ARGB 白｝顯卡長45/U高18/全景曲面玻璃/支援背插/ATX 原價,2690,,2026-09-17 23:30:17
CASE 機殼(+電源),特價 or 活動專區,｛Mavoly Strawberry M16 黑｝顯卡長20/U高7/內附400W電源(1年)【僅支援6孔M-ATX】,1390,,2026-09-17 23:30:17
CASE 機殼(+電源),特價 or 活動專區,｛Mavoly Strawberry M16W 白｝顯卡20/U高7/內附400W電源(1年)【僅支援6孔M-ATX】,1490,,2026-09-17 23:30:17
CASE 機殼(+電源),工業機架式 / NAS 機殼,｛銀欣 RM23-502｝2U工業機殼/CPU高6.5/ATX(不含滑軌)/支援ATX標準電供,3500,客訂,2026-09-17 23:30:17
CASE 機殼(+電源),工業機架式 / NAS 機殼,｛銀欣 RM31-MINI｝3U工業機殼/顯卡長36/CPU高11/ATX/CEB(不含滑軌)/SFX電供,5290,客訂,2026-09-17 23:30:17
CASE 機殼(+電源),工業機架式 / NAS 機殼,｛銀欣 RM31｝3U工業機殼/CPU高11/ATX/EEB(不含滑軌)/支援360水冷/SFX電供,6590,客訂,2026-09-17 23:30:17
CASE 機殼(+電源),工業機架式 / NAS 機殼,｛銀欣 RM4A｝4U工業機殼/U高13.7(14.8)/ATX/EEB(不含滑軌)/支援360水冷/ATX電供,3690,,2026-09-17 23:30:17
CASE 機殼(+電源),工業機架式 / NAS 機殼,｛銀欣 RM400｝4U工業機殼/CPU高13/ATX/CEB(不含滑軌)/支援ATX標準電供,4890,,2026-09-17 23:30:17
CASE 機殼(+電源),工業機架式 / NAS 機殼,｛銀欣 RM41-506｝4U工業機殼/顯卡長27.8/CPU高13(14.8)/支援5.25*6/ATX(不含滑軌),5500,,2026-09-17 23:30:17
CASE 機殼(+電源),工業機架式 / NAS 機殼,｛銀欣 RM44｝4U工業機殼/CPU高13.7(14.8)/EEB(不含滑軌)/直立橫躺兩用,7150,客訂,2026-09-17 23:30:17
CASE 機殼(+電源),工業機架式 / NAS 機殼,｛銀欣 RM42-502｝4U工業機殼/CPU高13(14.8)/EEB(不含滑軌)/直立橫躺兩用,7500,客訂,2026-09-17 23:30:17
CASE 機殼(+電源),工業機架式 / NAS 機殼,｛銀欣 RM51｝5U工業機殼/CPU高19.2(18.1)/EEB(不含滑軌)/直立橫躺兩用,10390,客訂,2026-09-17 23:30:17
CASE 機殼(+電源),工業機架式 / NAS 機殼,｛銀欣 RM52 ｝5U工業機殼/CPU高19.2(18.1)/EEB(不含滑軌)/直立橫躺兩用,11990,客訂,2026-09-17 23:30:17
CASE 機殼(+電源),工業機架式 / NAS 機殼,｛銀欣 CS382｝顯卡長36.9/U高16.8/8*硬碟熱插拔(2.5/3.5吋)/帶鎖門板/M-ATX,5990,客訂,2026-09-17 23:30:17
CASE 機殼(+電源),工業機架式 / NAS 機殼,｛銀欣 CS383｝顯卡長34/U高15.8(18.6)/8*硬碟熱插拔(2.5/3.5吋)/帶鎖門板/EEB,9290,客訂,2026-09-17 23:30:17
CASE 機殼(+電源),工業機架式 / NAS 機殼,｛樹昌 TI-U202S｝2U工業機殼/CPU高5.5/ATX(不含滑軌)/支援ATX電供(限深14cm),3200,,2026-09-17 23:30:17
CASE 機殼(+電源),工業機架式 / NAS 機殼,｛樹昌 TI-U402S｝4U工業機殼/顯卡長33/CPU高13/E-ATX(不含滑軌)/支援ATX標準電供,3000,,2026-09-17 23:30:17
CASE 機殼(+電源),工業機架式 / NAS 機殼,｛樹昌 TI-U403S｝4U工業機殼/CPU高12/ATX(不含滑軌)/支援ATX標準電供,2100,,2026-09-17 23:30:17
CASE 機殼(+電源),工業機架式 / NAS 機殼,｛喬思伯 N3｝顯卡長25/CPU高13/3.5*8 硬碟位/NAS推薦/上下分艙/ITX【SFX】,3990,,2026-09-17 23:30:17
CASE 機殼(+電源),工業機架式 / NAS 機殼,｛喬思伯 N4 黑｝顯卡長23(Low Profile)/U高7/硬碟位3.5*6+2.5*2/NAS推薦/M-ATX【SFX】,2990,,2026-09-17 23:30:17
CASE 機殼(+電源),工業機架式 / NAS 機殼,｛喬思伯 N4 白｝顯卡長23(Low Profile)/U高7/硬碟位3.5*6+2.5*2/NAS推薦/M-ATX【SFX】,2990,,2026-09-17 23:30:17
CASE 機殼(+電源),工業機架式 / NAS 機殼,｛喬思伯 N5｝顯卡長35/CPU高16/3.5*12 硬碟位/NAS推薦/上下分艙/E-ATX,5990,,2026-09-17 23:30:17
CASE 機殼(+電源),工業機架式 / NAS 機殼,｛喬思伯 N6 黑｝顯卡長(27.5~32)/CPU高6.5/3.5*9 硬碟位/NAS推薦/上下分艙/M-ATX,3990,,2026-09-17 23:30:17
CASE 機殼(+電源),SFX 機殼專區,｛聯力 A4-H2O 黑｝PCIe 5.0/顯卡長32.2/CPU高5.5/鋁合金/ITX【SFX】,4700,,2026-09-17 23:30:17
CASE 機殼(+電源),SFX 機殼專區,｛聯力 A4-H2O 銀｝PCIe 5.0/顯卡長32.2/CPU高5.5/鋁合金/ITX【SFX】,4700,,2026-09-17 23:30:17
CASE 機殼(+電源),SFX 機殼專區,｛酷碼 MasterBox NR200 白｝顯卡長33/CPU高15.5(7.6)/ITX【SFX】,1990,,2026-09-17 23:30:17
CASE 機殼(+電源),SFX 機殼專區,｛酷碼 MasterBox NR200P V3 黑｝顯卡長36.1/U高7/網孔側板/PCIe5.0延長線/ITX【SFX】,3490,,2026-09-17 23:30:17
CASE 機殼(+電源),SFX 機殼專區,｛全漢 CST351｝顯卡長33.6/CPU高13.8/底部ARGB氣氛燈/前置Type-C/ITX【SFX】,990,,2026-09-17 23:30:17
CASE 機殼(+電源),SFX 機殼專區,全漢 CST351 顯卡長33.6/CPU高13.8/ITX + 全漢 金鋼彈 650W/金牌(SFX) 現省,790,,2026-09-17 23:30:17
CASE 機殼(+電源),SFX 機殼專區,｛銀欣 ML09 黑｝顯卡長17.5(LP)/CPU高3.7(7)/ITX(ML09B)【SFX】,2040,客訂,2026-09-17 23:30:17
CASE 機殼(+電源),SFX 機殼專區,｛銀欣 LD03｝顯卡長30.9(2 slots)/CPU高19/垂直風道/玻璃透側/ITX【SFX】原價,4490,,2026-09-17 23:30:17
CASE 機殼(+電源),SFX 機殼專區,｛銀欣 SG05-LITE 黑｝顯卡長22.8/CPU高8/ITX(SG05BB-LITE)【SFX】,1400,,2026-09-17 23:30:17
CASE 機殼(+電源),SFX 機殼專區,｛Fractal Design Ridge 黑｝顯卡長33.5(32.5)/厚8.2(5.7)/高13.7(12.5)/CPU高7/ITX【SFX】,4890,,2026-09-17 23:30:17
CASE 機殼(+電源),SFX 機殼專區,｛Fractal Design Ridge 白｝顯卡長33.5(32.5)/厚8.2(5.7)/高13.7(12.5)/CPU高7/ITX【SFX】,4890,,2026-09-17 23:30:17
CASE 機殼(+電源),SFX 機殼專區,｛Fractal Design Terra 黑｝顯卡32.2(厚4.3-7.2)/U高7.7(4.8)/鋁機身/胡桃木面板/ITX【SFX】,6790,,2026-09-17 23:30:17
CASE 機殼(+電源),SFX 機殼專區,｛Fractal Design Terra 銀｝顯卡32.2(厚4.3-7.2)/U高7.7(4.8)/鋁機身/胡桃木面板/ITX【SFX】,6790,,2026-09-17 23:30:17
CASE 機殼(+電源),SFX 機殼專區,｛Fractal Design Terra 綠｝顯卡32.2(厚4.3-7.2)/U高7.7(4.8)/鋁機身/胡桃木面板/ITX【SFX】,6790,,2026-09-17 23:30:17
CASE 機殼(+電源),SFX 機殼專區,｛Fractal Design Mood 灰｝顯卡長32.5(厚5.6)/CPU高11.4/透氣織布柱狀設計/ITX【SFX】,5990,,2026-09-17 23:30:17
CASE 機殼(+電源),SFX 機殼專區,｛Fractal Design Mood 黑｝顯卡長32.5(厚5.6)/CPU高11.4/透氣織布柱狀設計/ITX【SFX】,5990,,2026-09-17 23:30:17
CASE 機殼(+電源),SFX 機殼專區,｛Fractal Design Era 2 銀色｝顯卡長32.6/厚4.8(6.3)/高13.7/CPU高5.5(7)/ITX【SFX】,7900,,2026-09-17 23:30:17
CASE 機殼(+電源),SFX 機殼專區,｛Fractal Design Era 2 深灰｝顯卡長32.6/厚4.8(6.3)/高13.7/CPU高5.5(7)/ITX【SFX】,7900,,2026-09-17 23:30:17
CASE 機殼(+電源),SFX 機殼專區,｛Fractal Design Era 2 午夜藍｝顯卡長32.6/厚4.8(6.3)/高13.7/CPU高5.5(7)/ITX【SFX】,7900,,2026-09-17 23:30:17
CASE 機殼(+電源),SFX 機殼專區,｛喬思伯 TK-0 黑｝顯卡長23/CPU高13.7/雙折彎環形玻璃/胡桃木面板/ITX【SFX】,3690,,2026-09-17 23:30:17
CASE 機殼(+電源),SFX 機殼專區,｛喬思伯 TK-0 白｝顯卡長23/CPU高13.7/雙折彎環形玻璃/胡桃木面板/ITX【SFX】,3690,,2026-09-17 23:30:17
CASE 機殼(+電源),SFX 機殼專區,｛喬思伯 T9 黑｝顯卡長31/CPU高(5.8~7.8)/PCIe5.0線/實木底座/鋁合金外殼/ITX【SFX】,5490,,2026-09-17 23:30:17
CASE 機殼(+電源),SFX 機殼專區,｛喬思伯 T9 銀｝顯卡長31/CPU高(5.8~7.8)/PCIe5.0線/實木底座/鋁合金外殼/ITX【SFX】,5490,,2026-09-17 23:30:17
CASE 機殼(+電源),華碩 ASUS 機殼,｛華碩 A21 黑｝顯卡長38/U高16.5/玻璃透側/支援背插/M-ATX 送振華12cm冰渦輪風扇*1,1490,,2026-09-17 23:30:17
CASE 機殼(+電源),華碩 ASUS 機殼,｛華碩 A21 PLUS 黑｝顯卡長38/CPU高16.5/玻璃透側/ARGB風扇*4/支援背插/M-ATX,2090,,2026-09-17 23:30:17
CASE 機殼(+電源),華碩 ASUS 機殼,｛華碩 A21 PLUS 白｝顯卡長38/CPU高16.5/玻璃透側/ARGB風扇*4/支援背插/M-ATX,2190,,2026-09-17 23:30:17
CASE 機殼(+電源),華碩 ASUS 機殼,｛華碩 A31 PLUS 黑｝顯卡長38/CPU高16.5/全景玻璃/支援背插/傾斜基座/ATX,2390,,2026-09-17 23:30:17
CASE 機殼(+電源),華碩 ASUS 機殼,華碩 A31 PLUS 黑 /全景玻璃/支援背插/ATX+華碩 TUF GAMING 750W EVO 銅牌/全模,3990,,2026-09-17 23:30:17
CASE 機殼(+電源),華碩 ASUS 機殼,｛華碩 A31 PLUS 白｝顯卡長38/CPU高16.5/全景玻璃/支援背插/傾斜基座/ATX,2490,,2026-09-17 23:30:17
CASE 機殼(+電源),華碩 ASUS 機殼,華碩 A31 PLUS 白 /全景玻璃/支援背插/ATX+華碩 TUF GAMING 750W EVO 銅牌/全模,4090,,2026-09-17 23:30:17
CASE 機殼(+電源),華碩 ASUS 機殼,｛華碩 A32 PLUS 黑｝顯卡長42/CPU高16.5/全景玻璃透側/分艙設計/ATX,2590,,2026-09-17 23:30:17
CASE 機殼(+電源),華碩 ASUS 機殼,｛華碩 A32 PLUS 白｝顯卡長42/CPU高16.5/全景玻璃透側/分艙設計/ATX,2690,,2026-09-17 23:30:17
CASE 機殼(+電源),華碩 ASUS 機殼,｛華碩 Prime AP201 黑｝顯卡長33.8/CPU高17/方形進氣孔/前置Type-C/M-ATX,1890,,2026-09-17 23:30:17
CASE 機殼(+電源),華碩 ASUS 機殼,｛華碩 Prime AP201 白｝顯卡長33.8/CPU高17/方形進氣孔/前置Type-C/M-ATX,1990,,2026-09-17 23:30:17
CASE 機殼(+電源),華碩 ASUS 機殼,｛華碩 Prime AP201 TG 白｝顯卡長33.8/CPU高17/玻璃透側/前置Type-C/M-ATX,1790,,2026-09-17 23:30:17
CASE 機殼(+電源),華碩 ASUS 機殼,｛華碩 Prime AP202 ARGB 黑｝顯卡長42/U高17.5/懸浮式進氣+燈條/全景曲面玻璃/M-ATX,2690,,2026-09-17 23:30:17
CASE 機殼(+電源),華碩 ASUS 機殼,華碩 Prime AP202 ARGB 黑/曲面玻璃/M-ATX+華碩 TUF GAMING 750W EVO 銅牌/全模,4290,,2026-09-17 23:30:17
CASE 機殼(+電源),華碩 ASUS 機殼,｛華碩 Prime AP202 ARGB 白｝顯卡長42/U高17.5/懸浮式進氣+燈條/全景曲面玻璃/M-ATX,2790,,2026-09-17 23:30:17
CASE 機殼(+電源),華碩 ASUS 機殼,華碩 Prime AP202 ARGB 白/曲面玻璃/M-ATX+華碩 TUF GAMING 750W EVO 銅牌/全模,4390,,2026-09-17 23:30:17
CASE 機殼(+電源),華碩 ASUS 機殼,｛華碩 Prime AP303 Mesh 黑｝顯卡長36/CPU高16.5/方形進氣孔/ATX,2290,,2026-09-17 23:30:17
CASE 機殼(+電源),華碩 ASUS 機殼,｛華碩 Prime AP303 Mesh 白｝顯卡長36/CPU高16.5/方形進氣孔/ATX,2390,,2026-09-17 23:30:17
CASE 機殼(+電源),華碩 ASUS 機殼,｛華碩 Prime AP304 ARGB 黑｝顯卡長42/U高17.5/懸浮式進氣+燈條/全景曲面玻璃/ATX,3790,,2026-09-17 23:30:17
CASE 機殼(+電源),華碩 ASUS 機殼,｛華碩 Prime AP304 ARGB 白｝顯卡長42/U高17.5/懸浮式進氣+燈條/全景曲面玻璃/ATX,3890,,2026-09-17 23:30:17
CASE 機殼(+電源),華碩 ASUS 機殼,｛華碩 TUF Gaming GT302 ARGB 黑｝顯卡長40.7/U高16.5/玻璃透側/支援背插/E-ATX,3490,,2026-09-17 23:30:17
CASE 機殼(+電源),華碩 ASUS 機殼,華碩 TUF Gaming GT302 ARGB 黑/E-ATX+TUF GAMING LC III 360 ARGB LCD(黑)水冷,8180,,2026-09-17 23:30:17
CASE 機殼(+電源),華碩 ASUS 機殼,｛華碩 TUF Gaming GT302 ARGB 白｝顯卡長40.7/U高16.5/玻璃透側/支援背插/E-ATX,3690,,2026-09-17 23:30:17
CASE 機殼(+電源),華碩 ASUS 機殼,華碩 TUF Gaming GT302 ARGB 白/E-ATX+TUF GAMING LC III 360 ARGB LCD(白)水冷,8580,,2026-09-17 23:30:17
CASE 機殼(+電源),華碩 ASUS 機殼,｛華碩 TUF Gaming GT502 Horizon｝無界版 卡長40/U高16.3/分艙設計/全景玻璃透側/ATX,4690,,2026-09-17 23:30:17
CASE 機殼(+電源),華碩 ASUS 機殼,華碩 TUF Gaming GT502 Horizon/ATX+Prime MR120 ARGB(黑)反向扇(三入)+正向(單顆),5689,,2026-09-17 23:30:17
CASE 機殼(+電源),華碩 ASUS 機殼,｛華碩 TUF Gaming GT502 Horizon 白色版｝卡長40/U高16.3/分艙設計/全景玻璃透側/ATX,4890,,2026-09-17 23:30:17
CASE 機殼(+電源),華碩 ASUS 機殼,華碩 TUF Gaming GT502 Horizon(白色)+Prime MR120 ARGB(白)反向扇(三入)+正向(單顆),5989,,2026-09-17 23:30:17
CASE 機殼(+電源),華碩 ASUS 機殼,｛華碩 ProArt PA401 Wood 黑色 透側版｝卡31.5/U16/玻璃透側/ATX 送 ESD-A1A(黑)外接盒▼下殺到 9/30 20:00,2990,,2026-09-17 23:30:17
CASE 機殼(+電源),華碩 ASUS 機殼,｛華碩 ProArt PA401 Wood 黑色 網狀版｝卡31.5/U16/網孔側板/ATX 送 ESD-A1A(黑)外接盒▼下殺到 9/30 20:00,2890,,2026-09-17 23:30:17
CASE 機殼(+電源),華碩 ASUS 機殼,｛華碩 ProArt PA401 Wood 燕麥色 透側版｝卡31.5/U16/玻璃透側/ATX 送 ESD-A1A(灰)外接盒▼下殺到 9/30 20:00,3290,,2026-09-17 23:30:17
CASE 機殼(+電源),華碩 ASUS 機殼,｛華碩 ProArt PA401 Wood 燕麥色 網狀版｝卡31.5/U16/網孔側板/ATX 送 ESD-A1A(灰)外接盒▼下殺到 9/30 20:00,3290,,2026-09-17 23:30:17
CASE 機殼(+電源),華碩 ASUS 機殼,｛華碩 ProArt PA602｝顯卡長44/CPU高18.5/玻璃透側/紅外線灰塵偵測/E-ATX,6490,,2026-09-17 23:30:17
CASE 機殼(+電源),華碩 ASUS 機殼,｛華碩 ProArt PA602 胡桃木-現代黑｝顯卡長44/CPU高18.5/玻璃透側/灰塵偵測/E-ATX,7890,,2026-09-17 23:30:17
CASE 機殼(+電源),華碩 ASUS 機殼,｛華碩 ProArt PA602 胡桃木-復古棕｝顯卡長44/CPU高18.5/玻璃透側/灰塵偵測/E-ATX,8290,,2026-09-17 23:30:17
CASE 機殼(+電源),華碩 ASUS 機殼,｛華碩 ROG Strix Helios II GX601S 黑｝顯卡長45/雙玻璃透側/E-ATX 送 ESD-S1C(黑)外接盒▼下殺到 9/30 20:00,9490,,2026-09-17 23:30:17
CASE 機殼(+電源),華碩 ASUS 機殼,｛華碩 ROG Strix Helios II GX601S 白｝顯卡長45/雙玻璃透側/E-ATX 送 ESD-S1C(白)外接盒▼下殺到 9/30 20:00,9890,,2026-09-17 23:30:17
CASE 機殼(+電源),華碩 ASUS 機殼,｛華碩 ROG Hyperion GR701 創世神 黑｝顯卡長46/玻璃透側/E-ATX 送 ESD-S1C(黑)外接盒▼下殺到 9/30 20:00,13990,,2026-09-17 23:30:17
CASE 機殼(+電源),華碩 ASUS 機殼,｛華碩 ROG Hyperion GR701 創世神 白｝顯卡長46/玻璃透側/E-ATX 送 ESD-S1C(白)外接盒▼下殺到 9/30 20:00,14990,,2026-09-17 23:30:17
CASE 機殼(+電源),華碩 ASUS 機殼,｛華碩 ROG Cronox GR801 幻世神｝顯卡長40/U高18/9.2 吋LCD/全景玻璃/背插/E-ATX,10990,,2026-09-17 23:30:17
CASE 機殼(+電源),華碩 ASUS 機殼,｛華碩 ROG Cronox ARGB GR801 黑｝顯卡40/U高/LCD+燈效面板+風扇*4/背插/E-ATX,14990,,2026-09-17 23:30:17
CASE 機殼(+電源),華碩 ASUS 機殼,"華碩 ROG Cronox ARGB GR801(黑),加購 Eurux GR120 ARGB(黑)風扇*5個(1正4反)",17990,,2026-09-17 23:30:17
CASE 機殼(+電源),華碩 ASUS 機殼,｛華碩 ROG Cronox ARGB GR801 白｝顯卡40/U高/LCD+燈效面板+風扇*4/背插/E-ATX,14990,,2026-09-17 23:30:17
CASE 機殼(+電源),華碩 ASUS 機殼,"華碩 ROG Cronox ARGB GR801(白),加購 Eurux GR120 ARGB(白)風扇*5個(1正4反)",17990,,2026-09-17 23:30:17
CASE 機殼(+電源),華碩 ASUS 機殼,｛華碩 ROG GR20 EDITION 20｝開放式機殼/卡36.8/鋁合金框架/三放置方式/橫流扇/E-ATX,19990,,2026-09-17 23:30:17
CASE 機殼(+電源),君主 Montech 機殼,Montech X2 PLUS 黑/玻璃透側/ATX+Montech BETA 2 750W/銅牌/ATX3.1 現省590！,2690,,2026-09-17 23:30:17
CASE 機殼(+電源),君主 Montech 機殼,Montech X2 PLUS 白/玻璃透側/ATX+Montech BETA 2 750W/銅牌/ATX3.1 現省590！,2690,,2026-09-17 23:30:17
CASE 機殼(+電源),君主 Montech 機殼,Montech SKY ONE LITE 白/玻璃透側/ATX+Montech BETA 2 650W/銅牌/ATX3.1 現省690！,2490,,2026-09-17 23:30:17
CASE 機殼(+電源),君主 Montech 機殼,Montech XR 黑 /玻璃透側/ATX + Montech GAMMA 3 650W/金牌/ATX3.1電源 現省690！,2790,,2026-09-17 23:30:17
CASE 機殼(+電源),君主 Montech 機殼,｛Montech TEN 黑｝顯卡長42.5(41)/CPU高15.6(5.2)/全網孔設計/三種配置模式/M-ATX,1690,,2026-09-17 23:30:17
CASE 機殼(+電源),君主 Montech 機殼,｛Montech TEN 白｝顯卡長42.5(41)/CPU高15.6(5.2)/全網孔設計/三種配置模式/M-ATX,1790,,2026-09-17 23:30:17
CASE 機殼(+電源),君主 Montech 機殼,｛Montech X1 黑｝顯卡長30.5/CPU高16.5/網孔面板/玻璃透側/ATX,1090,,2026-09-17 23:30:17
CASE 機殼(+電源),君主 Montech 機殼,｛Montech X2 PLUS 黑｝顯卡長30.5/CPU高16/網孔面板/玻璃透側/ATX,1390,,2026-09-17 23:30:17
CASE 機殼(+電源),君主 Montech 機殼,｛Montech X2 PLUS 白｝顯卡長30.5/CPU高16/網孔面板/玻璃透側/ATX,1390,,2026-09-17 23:30:17
CASE 機殼(+電源),君主 Montech 機殼,｛Montech X5M 黑｝顯卡長40.5/CPU高16.5/玻璃透側/12cm*3前風扇/M-ATX,1550,,2026-09-17 23:30:17
CASE 機殼(+電源),君主 Montech 機殼,｛Montech X5M 白｝顯卡長40.5/CPU高16.5/玻璃透側/12cm*3前風扇/M-ATX,1550,,2026-09-17 23:30:17
CASE 機殼(+電源),君主 Montech 機殼,｛Montech X5 黑｝顯卡長41/CPU高16.5/玻璃透側/顯卡支撐架/14cm*3前風扇/E-ATX,1590,,2026-09-17 23:30:17
CASE 機殼(+電源),君主 Montech 機殼,｛Montech X5 白｝顯卡長41/CPU高16.5/玻璃透側/顯卡支撐架/14cm*3前風扇/E-ATX,1590,,2026-09-17 23:30:17
CASE 機殼(+電源),君主 Montech 機殼,｛Montech XR 黑｝顯卡長42/CPU高17.5/全景玻璃透側/ATX,1590,,2026-09-17 23:30:17
CASE 機殼(+電源),君主 Montech 機殼,｛Montech XR 白｝顯卡長42/CPU高17.5/全景玻璃透側/ATX,1690,,2026-09-17 23:30:17
CASE 機殼(+電源),君主 Montech 機殼,｛Montech XR 米白色｝限量版/顯卡長42/CPU高17.5/全景玻璃透側/ATX,1890,,2026-09-17 23:30:17
CASE 機殼(+電源),君主 Montech 機殼,｛Montech XR 水泥灰｝限量版/顯卡長42/CPU高17.5/全景玻璃透側/ATX,1890,,2026-09-17 23:30:17
CASE 機殼(+電源),君主 Montech 機殼,｛Montech XR Wood 黑｝顯卡長42/CPU高17.5/玻璃透側/胡桃木混搭面板/ATX,1890,,2026-09-17 23:30:17
CASE 機殼(+電源),君主 Montech 機殼,｛Montech XR Wood 白｝顯卡長42/CPU高17.5/玻璃透側/胡桃木混搭面板/ATX,1990,,2026-09-17 23:30:17
CASE 機殼(+電源),君主 Montech 機殼,｛Montech TG3 黑｝顯卡長43/CPU高18/全景玻璃透側/ARGB電源艙/背插/ATX,1750,,2026-09-17 23:30:17
CASE 機殼(+電源),君主 Montech 機殼,｛Montech TG3 白｝顯卡長43/CPU高18/全景玻璃透側/ARGB電源艙/背插/ATX,1890,,2026-09-17 23:30:17
CASE 機殼(+電源),君主 Montech 機殼,｛Montech Air 100 LITE 黑｝顯卡長33/CPU高16.1/磁吸面板/玻璃透側/M-ATX,1190,,2026-09-17 23:30:17
CASE 機殼(+電源),君主 Montech 機殼,｛Montech Air 100 LITE 白｝顯卡長33/CPU高16.1/磁吸面板/玻璃透側/M-ATX,1290,,2026-09-17 23:30:17
CASE 機殼(+電源),君主 Montech 機殼,｛Montech Air 100 ARGB 黑｝顯卡長33/CPU高16.1/磁吸面板/玻璃透側/M-ATX,1690,,2026-09-17 23:30:17
CASE 機殼(+電源),君主 Montech 機殼,｛Montech Air 100 ARGB 白｝顯卡長33/CPU高16.1/磁吸面板/玻璃透側/M-ATX,1890,,2026-09-17 23:30:17
CASE 機殼(+電源),君主 Montech 機殼,｛Montech Air 903 BASE 黑｝顯卡長40/CPU高18/前置Type-C/玻璃透側/E-ATX,1590,,2026-09-17 23:30:17
CASE 機殼(+電源),君主 Montech 機殼,｛Montech Air 903 BASE 白｝顯卡長40/CPU高18/前置Type-C/玻璃透側/E-ATX,1790,,2026-09-17 23:30:17
CASE 機殼(+電源),君主 Montech 機殼,｛Montech Air 903 MAX 黑｝顯卡長40/CPU高18/快拆網孔面板/玻璃透側/E-ATX,1890,,2026-09-17 23:30:17
CASE 機殼(+電源),君主 Montech 機殼,｛Montech Air 903 MAX 白｝顯卡長40/CPU高18/快拆網孔面板/玻璃透側/E-ATX,2090,,2026-09-17 23:30:17
CASE 機殼(+電源),君主 Montech 機殼,｛Montech Air 1000 LITE 白｝顯卡長34/CPU高16.5/玻璃透側/ATX,1590,,2026-09-17 23:30:17
CASE 機殼(+電源),君主 Montech 機殼,｛Montech Air 1000 Silent｝靜音版 顯卡長34/CPU高16.5/上抽式防塵網/ATX,1690,,2026-09-17 23:30:17
CASE 機殼(+電源),君主 Montech 機殼,｛Montech Air 1000 PREMIUM 黑｝顯卡長34/U高16.5/玻璃透側/雙面板(玻璃/網孔)/ATX,1990,,2026-09-17 23:30:17
CASE 機殼(+電源),君主 Montech 機殼,｛Montech Air 1000 PREMIUM 白｝顯卡長34/U高16.5/玻璃透側/雙面板(玻璃/網孔)/ATX,2190,,2026-09-17 23:30:17
CASE 機殼(+電源),君主 Montech 機殼,｛Montech SKY ONE LITE 黑｝顯卡長35/CPU高17/前置Type-C/玻璃透側/ATX,1290,,2026-09-17 23:30:17
CASE 機殼(+電源),君主 Montech 機殼,｛Montech SKY ONE LITE 白｝顯卡長35/CPU高17/前置Type-C/玻璃透側/ATX,1490,,2026-09-17 23:30:17
CASE 機殼(+電源),君主 Montech 機殼,｛Montech SKY TWO 白｝顯卡長40/CPU高16.8/創新風流設計/玻璃透側/ATX,2090,,2026-09-17 23:30:17
CASE 機殼(+電源),君主 Montech 機殼,｛Montech SKY TWO GX 黑｝顯卡長40/U高16.8/玻璃透側/E-ATX 送AX120(黑) 風扇*1,2490,,2026-09-17 23:30:17
CASE 機殼(+電源),君主 Montech 機殼,｛Montech SKY TWO GX 白｝顯卡長40/U高16.8/玻璃透側/E-ATX 送AX120(白) 風扇*1,2690,,2026-09-17 23:30:17
CASE 機殼(+電源),君主 Montech 機殼,｛Montech SKY 3 黑｝顯卡長44.5/CPU高18.5/全景玻璃透側/模組化可調底艙/背插/ATX,2190,,2026-09-17 23:30:17
CASE 機殼(+電源),君主 Montech 機殼,Montech SKY 3 黑 /全景玻璃/背插/ATX+MONTECH RX120 PRO(黑)反向扇*2 現省,399,,2026-09-17 23:30:17
CASE 機殼(+電源),君主 Montech 機殼,｛Montech SKY 3 白｝顯卡長44.5/CPU高18.5/全景玻璃透側/模組化可調底艙/背插/ATX,2290,,2026-09-17 23:30:17
CASE 機殼(+電源),君主 Montech 機殼,Montech SKY 3 白 /全景玻璃/背插/ATX+MONTECH RX120 PRO(白)反向扇*2 現省,399,,2026-09-17 23:30:17
CASE 機殼(+電源),君主 Montech 機殼,｛Montech KING 15 PRO 黑｝卡43.5/U高18.7/傾斜風扇基座/全景曲面玻璃/背插/M-ATX,2790,,2026-09-17 23:30:17
CASE 機殼(+電源),君主 Montech 機殼,｛Montech KING 15 PRO 白｝卡43.5/U高18.7/傾斜風扇基座/全景曲面玻璃/背插/M-ATX,2890,,2026-09-17 23:30:17
CASE 機殼(+電源),君主 Montech 機殼,｛Montech KING 45 PRO 黑｝顯卡長43.5/U高18.7/傾斜風扇基座/全景曲面玻璃/ATX,2890,,2026-09-17 23:30:17
CASE 機殼(+電源),君主 Montech 機殼,｛Montech KING 45 PRO 白｝顯卡長43.5/U高18.7/傾斜風扇基座/全景曲面玻璃/ATX,2990,,2026-09-17 23:30:17
CASE 機殼(+電源),君主 Montech 機殼,｛Montech KING 65 PRO 黑｝顯卡長42/CPU高17.5/分艙設計/全景玻璃透側/ATX,2690,,2026-09-17 23:30:17
CASE 機殼(+電源),君主 Montech 機殼,｛Montech KING 65 PRO 白｝顯卡長42/CPU高17.5/分艙設計/全景玻璃透側/ATX,2690,,2026-09-17 23:30:17
CASE 機殼(+電源),君主 Montech 機殼,｛Montech KING 95 PRO 黑｝顯卡長42/U高17.5/六風扇/分艙設計/全景玻璃+網孔/ATX,3990,,2026-09-17 23:30:17
CASE 機殼(+電源),君主 Montech 機殼,｛Montech KING 95 PRO 白｝顯卡長42/U高17.5/六風扇/分艙設計/全景玻璃+網孔/ATX,4190,,2026-09-17 23:30:17
CASE 機殼(+電源),君主 Montech 機殼,｛Montech KING 95 PRO 紅｝顯卡長42/U高17.5/六風扇/分艙設計/全景玻璃+網孔/ATX,4590,,2026-09-17 23:30:17
CASE 機殼(+電源),君主 Montech 機殼,｛Montech Heritage PRO 黑｝顯卡長40/CPU高17/玻璃透側/皮革裝飾+提帶/M-ATX,2990,,2026-09-17 23:30:17
CASE 機殼(+電源),君主 Montech 機殼,｛Montech Heritage PRO 白｝顯卡長40/CPU高17/玻璃透側/皮革裝飾+提帶/M-ATX,3090,,2026-09-17 23:30:17
CASE 機殼(+電源),君主 Montech 機殼,｛Montech HS01 PRO 黑｝卡40/U高17/可翻轉機身/下沉式風扇/前網+玻璃透側/背插/ATX,2990,,2026-09-17 23:30:17
CASE 機殼(+電源),君主 Montech 機殼,Montech HS01 PRO(黑) 玻璃透側/ATX+Montech PureFlow 360 ARGB(黑)水冷 現省,1190,,2026-09-17 23:30:17
CASE 機殼(+電源),君主 Montech 機殼,｛Montech HS01 PRO 白｝卡40/U高17/可翻轉機身/下沉式風扇/前網+玻璃透側/背插/ATX,2990,,2026-09-17 23:30:17
CASE 機殼(+電源),君主 Montech 機殼,Montech HS01 PRO(白) 玻璃透側/ATX+Montech PureFlow 360 ARGB(白)水冷 現省,1190,,2026-09-17 23:30:17
CASE 機殼(+電源),君主 Montech 機殼,｛Montech HS02 PRO 黑｝卡42/U高17.5/可翻轉機身/下沉式風扇/全景玻璃透側/背插/ATX,3190,,2026-09-17 23:30:17
CASE 機殼(+電源),君主 Montech 機殼,｛Montech HS02 PRO 白｝卡42/U高17.5/可翻轉機身/下沉式風扇/全景玻璃透側/背插/ATX,3190,,2026-09-17 23:30:17
CASE 機殼(+電源),視博通 Superchannel 機殼,視博通 蒼龍戰士 + 視博通 450W電源(2年) 顯卡長30/CPU高15/ATX,1190,,2026-09-17 23:30:17
CASE 機殼(+電源),視博通 Superchannel 機殼,視博通 SA801 + 視博通 500W電源(2年) 顯卡長32/CPU高15.5/ATX,1390,,2026-09-17 23:30:17
CASE 機殼(+電源),視博通 Superchannel 機殼,｛視博通 小至尊｝顯卡長33/CPU高14/前置讀卡機/M-ATX,890,,2026-09-17 23:30:17
CASE 機殼(+電源),視博通 Superchannel 機殼,｛視博通 LEM003M 黑｝顯卡長31.5/CPU高16.5/金屬網孔側板/M-ATX,890,,2026-09-17 23:30:17
CASE 機殼(+電源),視博通 Superchannel 機殼,｛視博通 LEX100M 黑｝顯卡長31.5/CPU高16.5/定光RGB扇*5/全景玻璃透側/M-ATX,1090,,2026-09-17 23:30:17
CASE 機殼(+電源),視博通 Superchannel 機殼,｛視博通 LEX100M 白｝顯卡長31.5/CPU高16.5/定光RGB扇*5/全景玻璃透側/M-ATX,1090,,2026-09-17 23:30:17
CASE 機殼(+電源),視博通 Superchannel 機殼,｛視博通 LEX200M 黑｝顯卡長34.5/CPU高16.5/全景玻璃透側/M-ATX,1190,,2026-09-17 23:30:17
CASE 機殼(+電源),視博通 Superchannel 機殼,｛視博通 LEX200M 白｝顯卡長34.5/CPU高16.5/全景玻璃透側/M-ATX,1190,,2026-09-17 23:30:17
CASE 機殼(+電源),視博通 Superchannel 機殼,｛視博通 SA803｝顯卡長32/CPU高15.5/前置Type-C/ATX,1090,,2026-09-17 23:30:17
CASE 機殼(+電源),視博通 Superchannel 機殼,｛視博通 SA170｝顯卡長28.5/CPU高16.6/四面網孔/M-ATX,1390,,2026-09-17 23:30:17
CASE 機殼(+電源),視博通 Superchannel 機殼,｛視博通 SA185 黑｝顯卡長28.5/CPU高16.6/四面網孔/自帶提把/M-ATX,1090,,2026-09-17 23:30:17
CASE 機殼(+電源),視博通 Superchannel 機殼,｛視博通 SA185 白｝顯卡長28.5/CPU高16/四面網孔/自帶提把/M-ATX,1090,,2026-09-17 23:30:17
CASE 機殼(+電源),視博通 Superchannel 機殼,｛視博通 SAC449 黑｝顯卡長43/CPU高16.5/全景玻璃透側/分艙/背插/ARGB 燈條/ATX,2890,,2026-09-17 23:30:17
CASE 機殼(+電源),視博通 Superchannel 機殼,｛視博通 SAC449 白｝顯卡長43/CPU高16.5/全景玻璃透側/分艙/背插/ARGB 燈條/ATX,2990,,2026-09-17 23:30:17
CASE 機殼(+電源),視博通 Superchannel 機殼,｛視博通 SAF100｝靜音機殼/顯卡長36/CPU高18/前置Type-C/E-ATX,1790,,2026-09-17 23:30:17
CASE 機殼(+電源),視博通 Superchannel 機殼,｛視博通 SAK220 黑｝卡長42.7/U高16.5/全景玻璃透側/M-ATX 送SAMA X40L(黑) 散熱器,1390,,2026-09-17 23:30:17
CASE 機殼(+電源),視博通 Superchannel 機殼,｛視博通 SAK220 白｝卡長42.7/U高16.5/全景玻璃透側/M-ATX 送SAMA X40L(白) 散熱器,1490,,2026-09-17 23:30:17
CASE 機殼(+電源),視博通 Superchannel 機殼,｛視博通 SAK251 黑｝顯卡長33.5/U高16.8/前置Type-C/玻璃透側/支援背插/M-ATX,1390,,2026-09-17 23:30:17
CASE 機殼(+電源),視博通 Superchannel 機殼,｛視博通 SAK280 黑｝顯卡長42/CPU高16.5/分艙設計/全景玻璃透側/支援背插/ATX,1890,,2026-09-17 23:30:17
CASE 機殼(+電源),視博通 Superchannel 機殼,｛視博通 SAK280 白｝顯卡長42/CPU高16.5/分艙設計/全景玻璃透側/支援背插/ATX,1990,,2026-09-17 23:30:17
CASE 機殼(+電源),視博通 Superchannel 機殼,｛視博通 LAI099 黑｝顯卡長37.5/CPU高18/玻璃透側/E-ATX,1390,,2026-09-17 23:30:17
CASE 機殼(+電源),視博通 Superchannel 機殼,｛視博通 LAI099 白｝顯卡長37.5/CPU高18/玻璃透側/E-ATX,1390,,2026-09-17 23:30:17
CASE 機殼(+電源),視博通 Superchannel 機殼,｛視博通 LAI099 ARGB 白｝顯卡長37.5/CPU高18/玻璃透側/E-ATX,1590,,2026-09-17 23:30:17
CASE 機殼(+電源),視博通 Superchannel 機殼,｛視博通 SW200 黑｝顯卡長40/CPU高16.3/壓克力透側/ATX,1090,,2026-09-17 23:30:17
CASE 機殼(+電源),視博通 Superchannel 機殼,｛視博通 SW300 M 黑｝顯卡長35/U高16.6/前置Type-C/下壓式防塵網/玻璃透側/M-ATX,1490,,2026-09-17 23:30:17
CASE 機殼(+電源),視博通 Superchannel 機殼,｛視博通 SW300 白｝顯卡長34.5/U高16.3/前置Type-C/彈壓式防塵網/玻璃透側/E-ATX,1990,,2026-09-17 23:30:17
CASE 機殼(+電源),視博通 Superchannel 機殼,｛視博通 SW437｝顯卡長41.5(28)/CPU高16.4/多硬碟架構/前置Type-C/ATX,1990,,2026-09-17 23:30:17
CASE 機殼(+電源),視博通 Superchannel 機殼,｛視博通 AI SUPER(AI-100)｝顯卡長44.5/U高18.5/雙顯卡支架/支援*10 PCI slot/E-ATX,3990,,2026-09-17 23:30:17
CASE 機殼(+電源),視博通 Superchannel 機殼,｛視博通 幻彩男爵 白｝顯卡長34.5/U高16.3/20cm風扇*2/前置Type-C/玻璃透側/E-ATX,1990,,2026-09-17 23:30:17
CASE 機殼(+電源),微星 MSI 機殼,｛微星 PRO SHIELD M100P｝顯卡長27.5/CPU高14/M-ATX,1090,,2026-09-17 23:30:17
CASE 機殼(+電源),微星 MSI 機殼,｛微星 MAG FORGE M100R WHITE｝顯卡長30/CPU高16/玻璃透側/M-ATX,1790,,2026-09-17 23:30:17
CASE 機殼(+電源),微星 MSI 機殼,微星 MAG FORGE M100R WHITE /玻璃透側/M-ATX+微星 MAG A650BNL(白) 銅牌/電源,3190,,2026-09-17 23:30:17
CASE 機殼(+電源),微星 MSI 機殼,｛微星 MAG FORGE 120A AIRFLOW｝顯卡長33/CPU高16/定色扇*6/玻璃透側/ATX,1590,,2026-09-17 23:30:17
CASE 機殼(+電源),微星 MSI 機殼,｛微星 MAG FORGE 130A AIRFLOW｝顯卡長33/CPU高16/定色扇*4/玻璃透側/ATX,1390,,2026-09-17 23:30:17
CASE 機殼(+電源),微星 MSI 機殼,｛微星 MAG FORGE 320R AIRFLOW WHITE｝顯卡長39/CPU高16/玻璃透側/ATX,1990,,2026-09-17 23:30:17
CASE 機殼(+電源),微星 MSI 機殼,｛微星 MAG FORGE 321R AIRFLOW｝顯卡長39/CPU高16/前置Type-C/玻璃透側/ATX,2190,,2026-09-17 23:30:17
CASE 機殼(+電源),微星 MSI 機殼,｛微星 MAG PANO M110R 黑｝顯卡長41/CPU高16.5/全景玻璃透側/M-ATX,1690,,2026-09-17 23:30:17
CASE 機殼(+電源),微星 MSI 機殼,｛微星 MAG PANO M110R 白｝顯卡長41/CPU高16.5/全景玻璃透側/M-ATX,1790,,2026-09-17 23:30:17
CASE 機殼(+電源),微星 MSI 機殼,｛微星 MAG PANO M100R PZ 黑｝顯卡長39/U高17.5/全景玻璃透側/支援背插/M-ATX,2990,,2026-09-17 23:30:17
CASE 機殼(+電源),微星 MSI 機殼,｛微星 MAG PANO M100R PZ 白｝顯卡長39/U高17.5/全景玻璃透側/支援背插/M-ATX,3190,,2026-09-17 23:30:17
CASE 機殼(+電源),微星 MSI 機殼,｛微星 MAG PANO 100R PZ 黑｝卡長38/U高16.6/分艙設計/全景玻璃透側/支援背插/ATX,3990,,2026-09-17 23:30:17
CASE 機殼(+電源),微星 MSI 機殼,｛微星 MAG PANO 100R PZ 白｝卡長38/U高16.6/分艙設計/全景玻璃透側/支援背插/ATX,4190,,2026-09-17 23:30:17
CASE 機殼(+電源),微星 MSI 機殼,｛微星 MAG PANO 110R PZ 黑｝顯卡長40/CPU高16/全景玻璃透側/支援背插/ATX,2290,,2026-09-17 23:30:17
CASE 機殼(+電源),微星 MSI 機殼,｛微星 MAG PANO 110R PZ 白｝顯卡長40/CPU高16/全景玻璃透側/支援背插/ATX,2390,,2026-09-17 23:30:17
CASE 機殼(+電源),微星 MSI 機殼,｛微星 MAG PANO 130R PZ 黑｝顯卡長40/CPU高16.5/全景玻璃透側/支援背插/ATX,1790,,2026-09-17 23:30:17
CASE 機殼(+電源),微星 MSI 機殼,｛微星 MAG PANO 130R PZ 白｝顯卡長40/CPU高16.5/全景玻璃透側/支援背插/ATX,1890,,2026-09-17 23:30:17
CASE 機殼(+電源),微星 MSI 機殼,｛微星 MPG VIXTA 300R PZ 黑｝顯卡42/U高16.5/懸浮式底座/全景曲面玻璃/背插/ATX,3590,,2026-09-17 23:30:17
CASE 機殼(+電源),微星 MSI 機殼,｛微星 MPG VIXTA 300R PZ 白｝顯卡42/U高16.5/懸浮式底座/全景曲面玻璃/背插/ATX,3690,,2026-09-17 23:30:17
CASE 機殼(+電源),微星 MSI 機殼,｛微星 MPG VIXTA AIRFLOW 300R PZ 黑｝卡39/U高16.5/懸浮底座/玻璃透側/背插/ATX,3890,,2026-09-17 23:30:17
CASE 機殼(+電源),微星 MSI 機殼,｛微星 MPG VIXTA AIRFLOW 300R PZ 白｝卡39/U高16.5/懸浮底座/玻璃透側/背插/ATX,3990,,2026-09-17 23:30:17
CASE 機殼(+電源),微星 MSI 機殼,｛微星 MPG GUNGNIR 300R AIRFLOW｝顯卡長36/U高17.5/玻璃透側/顯卡支架/E-ATX,4990,,2026-09-17 23:30:17
CASE 機殼(+電源),微星 MSI 機殼,｛微星 MEG MAESTRO 900R｝顯卡44/U高17/全景玻璃/鋁合金材質/中置對稱架構/E-ATX,22990,,2026-09-17 23:30:17
CASE 機殼(+電源),技嘉 GIGABYTE 機殼,｛技嘉 C102 GLASS｝顯卡長41/CPU高16.5/磁吸面板/玻璃透側/M-ATX,1390,,2026-09-17 23:30:17
CASE 機殼(+電源),技嘉 GIGABYTE 機殼,｛技嘉 C102 GLASS ICE 白｝顯卡長41/CPU高16.5/磁吸面板/玻璃透側/M-ATX,1490,,2026-09-17 23:30:17
CASE 機殼(+電源),技嘉 GIGABYTE 機殼,｛技嘉 C103 GLASS GLOBAL｝顯卡長35.5/CPU高16.5/玻璃透側/ATX,1290,,2026-09-17 23:30:17
CASE 機殼(+電源),技嘉 GIGABYTE 機殼,｛技嘉 C201 Panoramic｝顯卡長41/CPU高19/全景玻璃透側/M-ATX,1890,,2026-09-17 23:30:17
CASE 機殼(+電源),技嘉 GIGABYTE 機殼,｛技嘉 C201 Panoramic ICE 白｝顯卡長41/CPU高19/全景玻璃透側/M-ATX,1990,,2026-09-17 23:30:17
CASE 機殼(+電源),技嘉 GIGABYTE 機殼,｛技嘉 C301 GLASS｝顯卡長40/CPU高17/玻璃透側/E-ATX,2290,,2026-09-17 23:30:17
CASE 機殼(+電源),技嘉 GIGABYTE 機殼,｛技嘉 C301 GLASS WHITE｝顯卡長40/CPU高17/玻璃透側/E-ATX,2490,,2026-09-17 23:30:17
CASE 機殼(+電源),技嘉 GIGABYTE 機殼,｛技嘉 C500 Panoramic Stealth｝顯卡長41/CPU高17.6/全景玻璃透側/支援背插/ATX,3290,,2026-09-17 23:30:17
CASE 機殼(+電源),技嘉 GIGABYTE 機殼,｛技嘉 C500 Panoramic Stealth ICE 白｝顯卡41/U高17.6/全景玻璃透側/支援背插/ATX,3490,,2026-09-17 23:30:17
CASE 機殼(+電源),技嘉 GIGABYTE 機殼,｛技嘉 AORUS C400 GLASS｝顯卡長36/CPU高16.8/垂直風道/玻璃透側/ATX,4290,,2026-09-17 23:30:17
CASE 機殼(+電源),技嘉 GIGABYTE 機殼,｛技嘉 AORUS C500 GLASS｝顯卡長42/CPU高19/玻璃透側/E-ATX,5490,,2026-09-17 23:30:17
CASE 機殼(+電源),技嘉 GIGABYTE 機殼,｛技嘉 AORUS C601 GLASS｝顯卡長42/U高19/雙玻璃透側/E-ATX,9990,,2026-09-17 23:30:17
CASE 機殼(+電源),大飛 darkFlash 機殼,｛darkFlash MOTI mini 網孔版｝顯卡長30/CPU高18/玻璃透側/M-ATX,990,,2026-09-17 23:30:17
CASE 機殼(+電源),大飛 darkFlash 機殼,｛darkFlash MOTI mini 黑｝顯卡長32.2/CPU高18/定光RGB扇*5/全景玻璃透側/M-ATX,1490,,2026-09-17 23:30:17
CASE 機殼(+電源),大飛 darkFlash 機殼,｛darkFlash MOTI mini 白｝顯卡長32.2/CPU高18/定光RGB扇*5/全景玻璃透側/M-ATX,1490,,2026-09-17 23:30:17
CASE 機殼(+電源),大飛 darkFlash 機殼,"｛darkFlash DK353 黑｝顯卡34/U高16.5/12cm彩虹扇*4(明暗,兩速切換)/玻璃透側/ATX",990,,2026-09-17 23:30:17
CASE 機殼(+電源),大飛 darkFlash 機殼,｛darkFlash DK431 粉｝顯卡長40/CPU高16/玻璃透側/右側風口/E-ATX,1890,,2026-09-17 23:30:17
CASE 機殼(+電源),大飛 darkFlash 機殼,｛darkFlash DRX70 黑｝顯卡長35/CPU高18/玻璃透側/磁吸面板/顯卡支架/ATX,1390,,2026-09-17 23:30:17
CASE 機殼(+電源),大飛 darkFlash 機殼,｛darkFlash DS900 黑｝顯卡長42.5/U高17/全景玻璃透側/ARGB風扇*4/顯卡支架/ATX,1590,,2026-09-17 23:30:17
CASE 機殼(+電源),大飛 darkFlash 機殼,｛darkFlash DS900 白｝顯卡長42.5/U高17/全景玻璃透側/ARGB風扇*4/顯卡支架/ATX,1690,,2026-09-17 23:30:17
CASE 機殼(+電源),大飛 darkFlash 機殼,｛darkFlash DS900 木紋版 黑｝顯卡長42.5/U高17/全景玻璃透側/ARGB風扇*4/ATX,1890,,2026-09-17 23:30:17
CASE 機殼(+電源),大飛 darkFlash 機殼,｛darkFlash DS900 木紋版 白｝顯卡長42.5/U高17/全景玻璃透側/ARGB風扇*4/ATX,1990,,2026-09-17 23:30:17
CASE 機殼(+電源),大飛 darkFlash 機殼,｛darkFlash DS900G 黑｝顯卡長42.5/U高17/全景曲面玻璃/ARGB風扇*4/顯卡支架/ATX,2290,,2026-09-17 23:30:17
CASE 機殼(+電源),大飛 darkFlash 機殼,｛darkFlash DS900G 白｝顯卡長42.5/U高17/全景曲面玻璃/ARGB風扇*4/顯卡支架/ATX,2390,,2026-09-17 23:30:17
CASE 機殼(+電源),大飛 darkFlash 機殼,｛darkFlash DS950V 黑｝顯卡長40/U高18/全景玻璃透側/6吋LCD/ARGB風扇*6/ATX,2790,,2026-09-17 23:30:17
CASE 機殼(+電源),大飛 darkFlash 機殼,darkFlash DS950V 黑/全景玻璃/6吋LCD/ATX+darkFlash E400 PLUS(黑)散熱器/溫度顯示,3290,,2026-09-17 23:30:17
CASE 機殼(+電源),大飛 darkFlash 機殼,｛darkFlash DS950V 白｝顯卡長40/U高18/全景玻璃透側/6吋LCD/ARGB風扇*6/ATX,2890,,2026-09-17 23:30:17
CASE 機殼(+電源),大飛 darkFlash 機殼,darkFlash DS950V 白/全景玻璃/6吋LCD/ATX+darkFlash E400 PLUS(白)散熱器/溫度顯示,3390,,2026-09-17 23:30:17
CASE 機殼(+電源),大飛 darkFlash 機殼,｛darkFlash DF4100 黑｝顯卡長43.5/CPU高18.5/玻璃透側/14cm風扇*4/E-ATX,1790,,2026-09-17 23:30:17
CASE 機殼(+電源),大飛 darkFlash 機殼,｛darkFlash DF4100 白｝顯卡長43.5/CPU高18.5/玻璃透側/14cm風扇*4/E-ATX,1890,,2026-09-17 23:30:17
CASE 機殼(+電源),大飛 darkFlash 機殼,｛darkFlash DY470 黑｝顯卡長41/CPU高17.5/分艙設計/三面全景玻璃/支援背插(限ATX),3290,,2026-09-17 23:30:17
CASE 機殼(+電源),大飛 darkFlash 機殼,｛darkFlash DY470 白｝顯卡長41/CPU高17.5/分艙設計/三面全景玻璃/支援背插(限ATX),3290,,2026-09-17 23:30:17
CASE 機殼(+電源),大飛 darkFlash 機殼,｛darkFlash DY460 白｝顯卡長40/CPU高18.5/三面全景玻璃/支援背插/ATX 原價,2990,,2026-09-17 23:30:17
CASE 機殼(+電源),"美商艾湃電競(首利) Apexgaming【上市25年 ""首利"" 100%品牌】",｛Apexgaming 蓋亞GAIA 黑｝顯卡長40/CPU高17/玻璃透側/鋁拉絲小牛皮飾板/E-ATX,1590,,2026-09-17 23:30:17
CASE 機殼(+電源),"美商艾湃電競(首利) Apexgaming【上市25年 ""首利"" 100%品牌】",｛Apexgaming 蓋亞GAIA 白｝顯卡長40/CPU高17/玻璃透側/鋁拉絲小牛皮飾板/E-ATX,1690,,2026-09-17 23:30:17
CASE 機殼(+電源),"美商艾湃電競(首利) Apexgaming【上市25年 ""首利"" 100%品牌】",｛Apexgaming V300 白｝顯卡長34/CPU高16/玻璃透側/分艙設計/M-ATX,1390,,2026-09-17 23:30:17
CASE 機殼(+電源),"美商艾湃電競(首利) Apexgaming【上市25年 ""首利"" 100%品牌】",｛Apexgaming METEOR TE220 黑｝顯卡長38.3/U高17.4/玻璃透側/含顯卡支架/E-ATX,2190,,2026-09-17 23:30:17
CASE 機殼(+電源),"美商艾湃電競(首利) Apexgaming【上市25年 ""首利"" 100%品牌】",｛Apexgaming METEOR TE220 白｝顯卡長38.3/U高17.4/玻璃透側/含顯卡支架/E-ATX,2390,,2026-09-17 23:30:17
CASE 機殼(+電源),"美商艾湃電競(首利) Apexgaming【上市25年 ""首利"" 100%品牌】",｛Apexgaming APOLLO A620 白｝顯卡長44/U高17/玻璃透側/定色RGB扇/背插/E-ATX,1790,,2026-09-17 23:30:17
CASE 機殼(+電源),"美商艾湃電競(首利) Apexgaming【上市25年 ""首利"" 100%品牌】",｛Apexgaming POSEIDON P630 黑｝顯卡長44/CPU高17/全景玻璃/支援背插/E-ATX,1890,,2026-09-17 23:30:17
CASE 機殼(+電源),"美商艾湃電競(首利) Apexgaming【上市25年 ""首利"" 100%品牌】",｛Apexgaming POSEIDON P630 白｝顯卡長44/CPU高17/全景玻璃/支援背插/E-ATX,1990,,2026-09-17 23:30:17
CASE 機殼(+電源),美洲獅 COUGAR 機殼,COUGAR Archon 2 RGB 白/玻璃透側/ATX+COUGAR ATLAS 650W/銅牌 現省,1190,,2026-09-17 23:30:17
CASE 機殼(+電源),美洲獅 COUGAR 機殼,｛COUGAR PURITY RGB 黑｝顯卡長30.5/CPU高16/玻璃透側/M-ATX,1390,,2026-09-17 23:30:17
CASE 機殼(+電源),美洲獅 COUGAR 機殼,｛COUGAR PURITY RGB 白｝顯卡長30.5/CPU高16/玻璃透側/M-ATX,1390,,2026-09-17 23:30:17
CASE 機殼(+電源),美洲獅 COUGAR 機殼,｛COUGAR MX360 RGB｝顯卡長31.5/CPU高17/玻璃透側/ATX▼下殺到 9/30 20:00,1390,,2026-09-17 23:30:17
CASE 機殼(+電源),美洲獅 COUGAR 機殼,｛COUGAR MX600 RGB 黑｝顯卡長40/CPU高18/玻璃透側/方形進氣孔/E-ATX▼下殺到 9/30 20:00,3290,,2026-09-17 23:30:17
CASE 機殼(+電源),美洲獅 COUGAR 機殼,｛COUGAR MX600 RGB 白｝顯卡長40/CPU高18/玻璃透側/方形進氣孔/E-ATX▼下殺到 9/30 20:00,3390,,2026-09-17 23:30:17
CASE 機殼(+電源),美洲獅 COUGAR 機殼,｛COUGAR Archon 2 RGB 白｝顯卡長31.5/CPU高17/玻璃透側/ATX,1690,,2026-09-17 23:30:17
CASE 機殼(+電源),美洲獅 COUGAR 機殼,｛COUGAR Archon 2 Mesh RGB 黑｝顯卡長31.5/CPU高17/玻璃透側/ATX,1390,,2026-09-17 23:30:17
CASE 機殼(+電源),美洲獅 COUGAR 機殼,｛COUGAR Archon 2 Mesh RGB 白｝顯卡長31.5/CPU高17/玻璃透側/ATX,1390,,2026-09-17 23:30:17
CASE 機殼(+電源),美洲獅 COUGAR 機殼,｛COUGAR Airface Pure Pro 黑｝顯卡長32/CPU高17.5/玻璃透側/ATX 原價,1890,,2026-09-17 23:30:17
CASE 機殼(+電源),美洲獅 COUGAR 機殼,｛COUGAR Airface Pure Pro 白｝顯卡長32/CPU高17.5/玻璃透側/ATX 原價,1990,,2026-09-17 23:30:17
CASE 機殼(+電源),美洲獅 COUGAR 機殼,｛COUGAR Airface 180 黑｝顯卡長34/U高17/前18cm雙風扇/玻璃透側/支援背插/ATX,1990,,2026-09-17 23:30:17
CASE 機殼(+電源),美洲獅 COUGAR 機殼,｛COUGAR Airface 180 白｝顯卡長34/U高17/前18cm雙風扇/玻璃透側/支援背插/ATX,2090,,2026-09-17 23:30:17
CASE 機殼(+電源),美洲獅 COUGAR 機殼,｛COUGAR CFV235 黑｝顯卡長43/CPU高17.5/懸浮式架構/全景玻璃透側/背插/ATX▼下殺到 9/30 20:00,3890,,2026-09-17 23:30:17
CASE 機殼(+電源),美洲獅 COUGAR 機殼,｛COUGAR CFV235 白｝顯卡長43/CPU高17.5/懸浮式架構/全景玻璃透側/背插/ATX▼下殺到 9/30 20:00,3990,,2026-09-17 23:30:17
CASE 機殼(+電源),美洲獅 COUGAR 機殼,｛COUGAR CFV235 Mesh 黑｝顯卡長40/CPU高17.5/懸浮式架構/玻璃透側/背插/ATX▼下殺到 9/30 20:00,4090,,2026-09-17 23:30:17
CASE 機殼(+電源),美洲獅 COUGAR 機殼,｛COUGAR CFV235 Mesh 白｝ 顯卡長40/CPU高17.5/懸浮式架構/玻璃透側/背插/ATX▼下殺到 9/30 20:00,4190,,2026-09-17 23:30:17
CASE 機殼(+電源),美洲獅 COUGAR 機殼,｛COUGAR Duoface RGB 黑｝ 卡33/U高19/雙面板/Logo燈效/玻璃透側/E-ATX 原價,2490,,2026-09-17 23:30:17
CASE 機殼(+電源),美洲獅 COUGAR 機殼,｛COUGAR Duoface RGB 白｝卡33/U高19/雙面板/Logo燈效/玻璃透側/E-ATX 原價,2590,,2026-09-17 23:30:17
CASE 機殼(+電源),美洲獅 COUGAR 機殼,"｛COUGAR Duoface Pro RGB 黑｝卡39/U高19/雙面板/可拆上蓋,面板架/玻璃透側/E-ATX▼下殺到 9/30 20:00",2890,,2026-09-17 23:30:17
CASE 機殼(+電源),美洲獅 COUGAR 機殼,"｛COUGAR Duoface Pro RGB 白｝卡39/U高19/雙面板/可拆上蓋,面板架/玻璃透側/E-ATX▼下殺到 9/30 20:00",2990,,2026-09-17 23:30:17
CASE 機殼(+電源),美洲獅 COUGAR 機殼,｛COUGAR Uniface Mini RGB 黑｝顯卡長34/CPU高16/玻璃透側/M-ATX 原價,1790,,2026-09-17 23:30:17
CASE 機殼(+電源),美洲獅 COUGAR 機殼,｛COUGAR Uniface Mini RGB 白｝顯卡長34/CPU高16/玻璃透側/M-ATX 原價,1890,,2026-09-17 23:30:17
CASE 機殼(+電源),美洲獅 COUGAR 機殼,｛COUGAR Uniface RGB 黑｝顯卡長40/CPU高18/玻璃透側/E-ATX 原價,2590,,2026-09-17 23:30:17
CASE 機殼(+電源),美洲獅 COUGAR 機殼,｛COUGAR Uniface RGB 白｝顯卡長40/CPU高18/玻璃透側/E-ATX 原價,2690,,2026-09-17 23:30:17
CASE 機殼(+電源),美洲獅 COUGAR 機殼,｛COUGAR FV150 Mini RGB 黑｝顯卡40/U高17/定光扇*3/分艙/全景玻璃/背插/M-ATX▼下殺到 9/30 20:00,1490,,2026-09-17 23:30:17
CASE 機殼(+電源),美洲獅 COUGAR 機殼,｛COUGAR FV150 Mini RGB 白｝顯卡40/U高17/定光扇*3/分艙/全景玻璃/背插/M-ATX▼下殺到 9/30 20:00,1590,,2026-09-17 23:30:17
CASE 機殼(+電源),美洲獅 COUGAR 機殼,｛COUGAR FV150 Mini RGB 粉｝顯卡40/U高17/定光扇*3/分艙/全景玻璃/背插/M-ATX▼下殺到 9/30 20:00,1590,,2026-09-17 23:30:17
CASE 機殼(+電源),美洲獅 COUGAR 機殼,｛COUGAR FV150 RGB 黑｝顯卡長40/CPU高18/分艙設計/全景玻璃透側/ATX,2290,,2026-09-17 23:30:17
CASE 機殼(+電源),美洲獅 COUGAR 機殼,｛COUGAR FV150 RGB 白｝顯卡長40/CPU高18/分艙設計/全景玻璃透側/ATX,2390,,2026-09-17 23:30:17
CASE 機殼(+電源),美洲獅 COUGAR 機殼,｛COUGAR FV150 RGB 粉｝顯卡長40/CPU高18/分艙設計/全景玻璃透側/ATX,2390,,2026-09-17 23:30:17
CASE 機殼(+電源),美洲獅 COUGAR 機殼,｛COUGAR OmnyX 黑｝顯卡長38/U高17/玻璃透側/對稱式設計/雙向滑軌I/O/背插/ATX,4890,,2026-09-17 23:30:17
CASE 機殼(+電源),美洲獅 COUGAR 機殼,｛COUGAR OmnyX 白｝顯卡長38/U高17/玻璃透側/對稱式設計/雙向滑軌I/O/背插/ATX,4990,,2026-09-17 23:30:17
CASE 機殼(+電源),美洲獅 COUGAR 機殼,｛COUGAR FV270 RGB 黑｝顯卡長42/CPU高18/曲面全景玻璃/支援背插/E-ATX,5490,,2026-09-17 23:30:17
CASE 機殼(+電源),美洲獅 COUGAR 機殼,COUGAR FV270 RGB 黑 /曲面全景玻璃/支援背插/E-ATX + 專用發光旋轉展示台(黑),5990,,2026-09-17 23:30:17
CASE 機殼(+電源),美洲獅 COUGAR 機殼,｛COUGAR FV270 RGB 白｝顯卡長42/CPU高18/曲面全景玻璃/支援背插/E-ATX,5590,,2026-09-17 23:30:17
CASE 機殼(+電源),美洲獅 COUGAR 機殼,COUGAR FV270 RGB 白 /曲面全景玻璃/支援背插/E-ATX + 專用發光旋轉展示台(白),6090,,2026-09-17 23:30:17
CASE 機殼(+電源),亞碩國際 機殼,｛亞碩 N62 白｝顯卡長28.5/CPU高18/玻璃透側/仿木塗層I/O面板/ATX,990,,2026-09-17 23:30:17
CASE 機殼(+電源),先馬 SAMA 機殼,｛SAMA SAK451 大境界 白｝顯卡長43/CPU高18.3/全景玻璃透側/支援背插/ATX,2990,,2026-09-17 23:30:17
CASE 機殼(+電源),先馬 SAMA 機殼,｛SAMA SAK736 幻境界 黑｝顯卡長41/CPU高18/全景玻璃透側/ATX,1590,,2026-09-17 23:30:17
CASE 機殼(+電源),先馬 SAMA 機殼,｛SAMA SAK736 幻境界 白｝顯卡長41/CPU高18/全景玻璃透側/ATX,1690,,2026-09-17 23:30:17
CASE 機殼(+電源),先馬 SAMA 機殼,｛SAMA V42 黑｝顯卡長41/CPU高18.1/玻璃透側/支援背插/ATX,1390,,2026-09-17 23:30:17
CASE 機殼(+電源),先馬 SAMA 機殼,｛SAMA V71 黑｝顯卡長41/CPU高16.5/曲面全景玻璃/分艙設計/支援背插/ATX,2790,,2026-09-17 23:30:17
CASE 機殼(+電源),先馬 SAMA 機殼,｛SAMA V71 白｝顯卡長41/CPU高16.5/曲面全景玻璃/分艙設計/支援背插/ATX,2890,,2026-09-17 23:30:17
CASE 機殼(+電源),旋剛 Sharkoon 機殼,｛旋剛 光影者 RGB｝顯卡長37.5/CPU高16.5/A.RGB風扇/壓克力透側/ATX,1690,,2026-09-17 23:30:17
CASE 機殼(+電源),旋剛 Sharkoon 機殼,｛旋剛 馭風者 RGB｝顯卡長37.5/CPU高16.5/A.RGB風扇/壓克力透側/ATX,1690,,2026-09-17 23:30:17
CASE 機殼(+電源),旋剛 Sharkoon 機殼,｛旋剛 小暴風 S1000｝顯卡長40/CPU高15.5/SSD*2/M-ATX,1190,,2026-09-17 23:30:17
CASE 機殼(+電源),旋剛 Sharkoon 機殼,｛旋剛 AK5M RGB 黑｝顯卡長41/CPU高17/玻璃透側/支援背插/ATX,1290,,2026-09-17 23:30:17
CASE 機殼(+電源),旋剛 Sharkoon 機殼,｛旋剛 AK6 RGB 黑｝顯卡長41/CPU高17/全景玻璃透側/含顯卡支架/支援背插/ATX,1990,,2026-09-17 23:30:17
CASE 機殼(+電源),旋剛 Sharkoon 機殼,｛旋剛 AK6 RGB 白｝顯卡長41/CPU高17/全景玻璃透側/含顯卡支架/支援背插/ATX,2090,,2026-09-17 23:30:17
CASE 機殼(+電源),旋剛 Sharkoon 機殼,｛旋剛 AK7 ARGB 黑｝顯卡長41/CPU高17/不織布覆蓋/全景玻璃透側/支援背插/ATX,1990,,2026-09-17 23:30:17
CASE 機殼(+電源),旋剛 Sharkoon 機殼,｛旋剛 AK7 ARGB 白｝顯卡長41/CPU高17/不織布覆蓋/全景玻璃透側/支援背插/ATX,2090,,2026-09-17 23:30:17
CASE 機殼(+電源),旋剛 Sharkoon 機殼,｛旋剛 TK5M RGB｝顯卡長31(33.5)/CPU高15.7/前置Type-C/玻璃透側/ATX,1290,,2026-09-17 23:30:17
CASE 機殼(+電源),旋剛 Sharkoon 機殼,｛旋剛 RGB HEX｝顯卡長35/CPU高15.8/標配12cm風扇*6/玻璃透側/ATX,1990,,2026-09-17 23:30:17
CASE 機殼(+電源),旋剛 Sharkoon 機殼,｛旋剛 RGB SLIDER 流影者 黑｝顯卡長33.5/CPU高15.7/玻璃透側/RGB面板燈條/ATX,1190,,2026-09-17 23:30:17
CASE 機殼(+電源),旋剛 Sharkoon 機殼,｛旋剛 RGB SLIDER 流影者 白｝顯卡長33.5/CPU高15.7/玻璃透側/RGB面板燈條/ATX,1290,,2026-09-17 23:30:17
CASE 機殼(+電源),旋剛 Sharkoon 機殼,｛旋剛 RGB WAVE 逐浪者｝顯卡長31/CPU高15.7/玻璃透側/前置Type-C/ATX,1390,,2026-09-17 23:30:17
CASE 機殼(+電源),1st Player 首席玩家,｛1st Player SP7 黑｝顯卡長40/CPU高18.5/分艙設計/聲波律動燈條/玻璃透側/ATX,1490,,2026-09-17 23:30:17
CASE 機殼(+電源),1st Player 首席玩家,｛1st Player SP7 白｝顯卡長40/CPU高18.5/分艙設計/聲波律動燈條/玻璃透側/ATX,1490,,2026-09-17 23:30:17
CASE 機殼(+電源),安鈦克 Antec 機殼,｛Antec CX200M 定光RGB 黑｝顯卡長33/CPU高16.4/風扇*5/全景玻璃透側/M-ATX,1390,,2026-09-17 23:30:17
CASE 機殼(+電源),安鈦克 Antec 機殼,｛Antec CX200M 定光RGB 白｝顯卡長33/CPU高16.4/風扇*5/全景玻璃透側/M-ATX,1390,,2026-09-17 23:30:17
CASE 機殼(+電源),安鈦克 Antec 機殼,｛Antec CX500M ARGB 黑｝顯卡長41.5/CPU高16.5/全景玻璃透側/M-ATX,1690,,2026-09-17 23:30:17
CASE 機殼(+電源),安鈦克 Antec 機殼,｛Antec CX500M ARGB 白｝顯卡長41.5/CPU高16.5/全景玻璃透側/M-ATX,1690,,2026-09-17 23:30:17
CASE 機殼(+電源),安鈦克 Antec 機殼,｛Antec CX700 定光RGB ELITE 黑｝顯卡長41/CPU高16/風扇*6/全景玻璃透側/ATX,1890,,2026-09-17 23:30:17
CASE 機殼(+電源),安鈦克 Antec 機殼,｛Antec CX700 定光RGB ELITE 白｝顯卡長41/CPU高16/風扇*6/全景玻璃透側/ATX,1890,,2026-09-17 23:30:17
CASE 機殼(+電源),安鈦克 Antec 機殼,｛Antec CX700 ARGB 黑｝顯卡長41/CPU高16/ARGB風扇*3/全景玻璃透側/ATX,1690,,2026-09-17 23:30:17
CASE 機殼(+電源),安鈦克 Antec 機殼,｛Antec FLUX M｝顯卡長40.5/CPU高17.5/風扇*6/玻璃透側/分艙設計/M-ATX,1690,,2026-09-17 23:30:17
CASE 機殼(+電源),安鈦克 Antec 機殼,｛Antec FLUX REAR｝顯卡長40/CPU高18/實木飾條/玻璃透側/支援背插/ATX,2590,,2026-09-17 23:30:17
CASE 機殼(+電源),安鈦克 Antec 機殼,｛Antec FLUX SE｝顯卡長40.8/CPU高18/胡桃木混搭面板/金屬側板/支援背插/E-ATX,2890,,2026-09-17 23:30:17
CASE 機殼(+電源),安鈦克 Antec 機殼,｛Antec FLUX 黑｝顯卡長40.8/CPU高18/胡桃木混搭面板/玻璃透側/支援背插/E-ATX,2890,,2026-09-17 23:30:17
CASE 機殼(+電源),安鈦克 Antec 機殼,｛Antec FLUX 白｝顯卡長40.8/CPU高18/樺木混搭面板/玻璃透側/支援背插/E-ATX,3090,,2026-09-17 23:30:17
CASE 機殼(+電源),安鈦克 Antec 機殼,｛Antec FLUX PRO 白｝顯卡長45.5/U高19/溫度顯示/樺木混搭面板/玻璃透側/E-ATX,4990,,2026-09-17 23:30:17
CASE 機殼(+電源),安鈦克 Antec 機殼,｛Antec Flux Pro Noctua Edition｝卡45.5/U高19/貓頭鷹風扇*6/溫度顯示/玻璃透側/E-ATX,12999,,2026-09-17 23:30:17
CASE 機殼(+電源),安鈦克 Antec 機殼,｛Antec C2M ARGB 黑｝顯卡長41.5/CPU高16.5/全景玻璃透側/M-ATX,1590,,2026-09-17 23:30:17
CASE 機殼(+電源),安鈦克 Antec 機殼,｛Antec C2M ARGB 白｝顯卡長41.5/CPU高16.5/全景玻璃透側/M-ATX,1690,,2026-09-17 23:30:17
CASE 機殼(+電源),安鈦克 Antec 機殼,｛Antec C3 ARGB 黑｝顯卡長41.5/CPU高16/全景玻璃透側/ATX,1690,,2026-09-17 23:30:17
CASE 機殼(+電源),安鈦克 Antec 機殼,｛Antec C3 ARGB 白｝顯卡長41.5/CPU高16/全景玻璃透側/ATX,1790,,2026-09-17 23:30:17
CASE 機殼(+電源),安鈦克 Antec 機殼,｛Antec C5 Curve ARGB 黑｝顯卡41/U高16/4風扇+燈條/全景曲面玻璃/分艙/背插/ATX,2990,,2026-09-17 23:30:17
CASE 機殼(+電源),安鈦克 Antec 機殼,｛Antec C5 Curve ARGB 白｝顯卡41/U高16/4風扇+燈條/全景曲面玻璃/分艙/背插/ATX,2990,,2026-09-17 23:30:17
CASE 機殼(+電源),安鈦克 Antec 機殼,｛Antec C5 ARGB 黑｝顯卡長41/U高16/分艙設計/7風扇+燈條/全景玻璃透側/背插/ATX,2490,,2026-09-17 23:30:17
CASE 機殼(+電源),安鈦克 Antec 機殼,｛Antec C6 Curve Air 黑｝顯卡長45/CPU高18/三面曲面玻璃/側置電源/支援背插/ATX,2790,,2026-09-17 23:30:17
CASE 機殼(+電源),安鈦克 Antec 機殼,｛Antec C6 Curve Air 白｝顯卡長45/CPU高18/三面曲面玻璃/側置電源/支援背插/ATX,2890,,2026-09-17 23:30:17
CASE 機殼(+電源),安鈦克 Antec 機殼,｛Antec C6 Curve ARGB 黑｝顯卡長45/CPU高18/三面曲面玻璃/側置電源/支援背插/ATX,2890,,2026-09-17 23:30:17
CASE 機殼(+電源),安鈦克 Antec 機殼,｛Antec C7 ARGB 黑｝顯卡長45/CPU高18/全景玻璃透側/支援背插/ATX,2990,,2026-09-17 23:30:17
CASE 機殼(+電源),安鈦克 Antec 機殼,｛Antec C8 ARGB 黑｝顯卡長44/CPU高17.5/分艙設計/全景玻璃透側/E-ATX,3990,,2026-09-17 23:30:17
CASE 機殼(+電源),安鈦克 Antec 機殼,｛Antec C8 ARGB 白｝顯卡長44/CPU高17.5/分艙設計/全景玻璃透側/E-ATX,4190,,2026-09-17 23:30:17
CASE 機殼(+電源),安鈦克 Antec 機殼,｛Antec C8 Curve Wood 黑｝顯卡長44/U高17.5/分艙設計/全景曲面玻璃/背插/E-ATX,3990,,2026-09-17 23:30:17
CASE 機殼(+電源),安鈦克 Antec 機殼,｛Antec P7 S 靜音機殼｝顯卡長40.5/CPU高17.5/雙側靜音側板/ATX,1490,,2026-09-17 23:30:17
CASE 機殼(+電源),安鈦克 Antec 機殼,｛Antec P10 FLUX 靜音機殼｝顯卡長40.5/CPU高17.5/創新風流架構/內建風速切換/ATX,2290,,2026-09-17 23:30:17
CASE 機殼(+電源),安鈦克 Antec 機殼,｛Antec P10C 靜音機殼｝顯卡長40.5/CPU高17.5/前置Type-C/內建風速切換/ATX,2690,,2026-09-17 23:30:17
CASE 機殼(+電源),安鈦克 Antec 機殼,｛Antec P20CE｝顯卡長37.5/CPU高17/無透側版/可拆式顯卡支架/E-ATX,2390,,2026-09-17 23:30:17
CASE 機殼(+電源),安鈦克 Antec 機殼,｛Antec P30 AIR｝顯卡長40.5/CPU高17.5/玻璃透側/木質網孔混搭面板/ATX,1890,,2026-09-17 23:30:17
CASE 機殼(+電源),安鈦克 Antec 機殼,｛Antec P30 ARGB｝顯卡長40.5/CPU高17.5/玻璃透側/木質網孔混搭面板/ATX,1990,,2026-09-17 23:30:17
CASE 機殼(+電源),安鈦克 Antec 機殼,｛Antec P120 Crystal 白｝限量版/顯卡長45/CPU高18.5/玻璃透側/E-ATX,2590,,2026-09-17 23:30:17
CASE 機殼(+電源),安鈦克 Antec 機殼,｛Antec Performance 1 FT 白｝顯卡長40/CPU高17.5/溫度顯示面板/雙玻璃透側/E-ATX,4690,,2026-09-17 23:30:17
CASE 機殼(+電源),安鈦克 Antec 機殼,｛Antec 900 全塔式機殼｝顯卡長49.5/U高19/玻璃透側/支援*8 PCI slot/支援背插/EEB,5990,,2026-09-17 23:30:17
CASE 機殼(+電源),火鳥 BitFenix 機殼,｛BitFenix 小巨蛋 黑 鐵網版｝顯卡長33.9/CPU高19/玻璃透側/M-ATX,1790,,2026-09-17 23:30:17
CASE 機殼(+電源),火鳥 BitFenix 機殼,｛BitFenix 小巨蛋 白 鐵網版｝顯卡長33.9/CPU高19/玻璃透側/M-ATX,1790,,2026-09-17 23:30:17
CASE 機殼(+電源),火鳥 BitFenix 機殼,｛BitFenix 小巨蛋 黑 幻彩版｝顯卡長33.9/U高19/含ARGB風扇*3燈條*2/玻璃透側/M-ATX,1990,,2026-09-17 23:30:17
CASE 機殼(+電源),火鳥 BitFenix 機殼,｛BitFenix 小巨蛋 白 幻彩版｝顯卡長33.9/U高19/含ARGB風扇*3燈條*2/玻璃透側/M-ATX,1990,,2026-09-17 23:30:17
CASE 機殼(+電源),火鳥 BitFenix 機殼,｛BitFenix 諾瓦星 M 黑｝顯卡長34.5/CPU高16/前置Type-C/玻璃透側/M-ATX,1390,,2026-09-17 23:30:17
CASE 機殼(+電源),火鳥 BitFenix 機殼,｛BitFenix 風魅影 Flow EX 2024C 黑｝顯卡長43.4/U高17/Type-C/玻璃透側/ATX,1490,,2026-09-17 23:30:17
CASE 機殼(+電源),火鳥 BitFenix 機殼,｛BitFenix CETO Basic 黑｝顯卡長39/CPU高16.5/全景玻璃透側/ATX,1590,,2026-09-17 23:30:17
CASE 機殼(+電源),火鳥 BitFenix 機殼,｛BitFenix CETO Basic 白｝顯卡長39/CPU高16.5/全景玻璃透側/ATX,1690,,2026-09-17 23:30:17
CASE 機殼(+電源),火鳥 BitFenix 機殼,｛BitFenix CETO ARGB 黑｝顯卡長41/CPU高18.1/全景玻璃透側/支援背插/ATX,1990,,2026-09-17 23:30:17
CASE 機殼(+電源),HYTE 美國電競潮牌,｛HYTE X50 Air 黑｝顯卡長43/CPU高17/全覆蓋微網孔設計/ATX(X50A-BB),3890,,2026-09-17 23:30:17
CASE 機殼(+電源),HYTE 美國電競潮牌,｛HYTE X50 黑｝顯卡長43/CPU高17/微網孔設計/曲面玻璃側板/ATX(X50G-BB),4890,,2026-09-17 23:30:17
CASE 機殼(+電源),HYTE 美國電競潮牌,｛HYTE X50 白｝顯卡長43/CPU高17/微網孔設計/曲面玻璃側板/ATX(X50G-WW),4890,,2026-09-17 23:30:17
CASE 機殼(+電源),HYTE 美國電競潮牌,｛HYTE Y70 touch infinite 黑｝顯卡42.2/U高18/PCIe 4.0/14.9觸控LCD/全景玻璃/E-ATX,12490,,2026-09-17 23:30:17
CASE 機殼(+電源),HYTE 美國電競潮牌,｛HYTE Y70 touch infinite 雪白｝顯卡42.2/U高18/PCIe 4.0/14.9觸控LCD/全景玻璃/E-ATX,12490,,2026-09-17 23:30:17
CASE 機殼(+電源),追風者 Phanteks 機殼,｛Phanteks XT Pro Ultra 黑｝卡41.5/U18.4/玻璃透側/背插(限ATX)(XT523P1_DBK01),2200,,2026-09-17 23:30:17
CASE 機殼(+電源),追風者 Phanteks 機殼,｛Phanteks XT Pro Ultra 白｝卡41.5/U18.4/玻璃透側/背插(限ATX)(XT523P1_DWT01),2390,,2026-09-17 23:30:17
CASE 機殼(+電源),追風者 Phanteks 機殼,｛Phanteks XT Pro SILENT｝卡41.5/U高18.4/吸音棉降噪/背插(限ATX)(XT523PSC_BK01),2390,,2026-09-17 23:30:17
CASE 機殼(+電源),追風者 Phanteks 機殼,｛Phanteks XT M3 白｝顯卡長43/U高17.5/玻璃透側/支援背插/M-ATX(XT325M_WT01),1490,,2026-09-17 23:30:17
CASE 機殼(+電源),追風者 Phanteks 機殼,｛Phanteks XT M3 黑(三風扇)｝顯卡43/U高17.5/玻璃透側/背插/M-ATX(XT325M_DBK01),1990,,2026-09-17 23:30:17
CASE 機殼(+電源),追風者 Phanteks 機殼,｛Phanteks XT M3 白(三風扇)｝顯卡43/U高17.5/玻璃透側/背插/M-ATX(XT325M_DWT01),1990,,2026-09-17 23:30:17
CASE 機殼(+電源),追風者 Phanteks 機殼,｛Phanteks XT M5 黑｝顯卡長42.5/U高17.5/玻璃透側/分艙設計/ATX(XT525M_DBK01),2190,,2026-09-17 23:30:17
CASE 機殼(+電源),追風者 Phanteks 機殼,｛Phanteks XT V3 黑｝顯卡長43/U高17.5/全景玻璃透側/背插/M-ATX(XT325V_DBK01),1990,,2026-09-17 23:30:17
CASE 機殼(+電源),追風者 Phanteks 機殼,｛Phanteks XT V3 白｝顯卡長43/U高17.5/全景玻璃透側/背插/M-ATX(XT325V_DWT01),1990,,2026-09-17 23:30:17
CASE 機殼(+電源),追風者 Phanteks 機殼,｛Phanteks XT V5 黑｝顯卡長42.5/CPU高17.5/全景玻璃/分艙設計/ATX(XT525V_DBK01),2190,,2026-09-17 23:30:17
CASE 機殼(+電源),追風者 Phanteks 機殼,｛Phanteks XT View 黑｝卡41.5/U高18.4/全景玻璃/支援背插限ATX(XT523V1_DBK01),2590,,2026-09-17 23:30:17
CASE 機殼(+電源),追風者 Phanteks 機殼,｛Phanteks XT View 白｝卡41.5/U高18.4/全景玻璃/支援背插限ATX(XT523V1_DWT01),2590,,2026-09-17 23:30:17
CASE 機殼(+電源),追風者 Phanteks 機殼,｛Phanteks XT View Matrix 黑｝卡41.5/U18.4/布面LED顯示/背插限ATX(XT523VM1_DBK01),3490,,2026-09-17 23:30:17
CASE 機殼(+電源),追風者 Phanteks 機殼,｛Phanteks XT View Matrix 白｝卡41.5/U18.4/布面LED顯示/背插限ATX(XT523VM1_DWT01),3490,,2026-09-17 23:30:17
CASE 機殼(+電源),追風者 Phanteks 機殼,｛Phanteks NV5 MKII 黑｝顯卡長44/U高18/全景玻璃/背插(限ATX)(NV523TG_DBK02),3490,,2026-09-17 23:30:17
CASE 機殼(+電源),追風者 Phanteks 機殼,｛Phanteks NV5S 黑｝顯卡長43/CPU高17/全景玻璃透側/四風扇/ATX(NV523S_DBK01),3690,,2026-09-17 23:30:17
CASE 機殼(+電源),追風者 Phanteks 機殼,｛Phanteks Evolv S2 黑｝卡39.5/U高17.5/懸浮設計/全景玻璃/背插限ATX(ES524S2_DBK01),3790,,2026-09-17 23:30:17
CASE 機殼(+電源),追風者 Phanteks 機殼,｛Phanteks Evolv X2 黑｝卡38/U高17/懸浮設計/全景玻璃/背插限ATX(ES524XTG_DBK01),4690,,2026-09-17 23:30:17
CASE 機殼(+電源),追風者 Phanteks 機殼,｛Phanteks Evolv X2 白｝卡38/U高17/懸浮設計/全景玻璃/背插限ATX(ES524XTG_DMW01),4990,,2026-09-17 23:30:17
CASE 機殼(+電源),追風者 Phanteks 機殼,｛Phanteks Evolv X2 Matrix 黑｝卡38/U高17/布面LED顯示/背插限ATX(ES524XM_DBK01),5790,,2026-09-17 23:30:17
CASE 機殼(+電源),追風者 Phanteks 機殼,｛Phanteks Evolv X2 Matrix 白｝卡38/U高17/布面LED顯示/背插限ATX(ES524XM_DMW01),5790,,2026-09-17 23:30:17
CASE 機殼(+電源),追風者 Phanteks 機殼,｛Phanteks Eclipse G370A｝顯卡長40/CPU高17/玻璃透側/EEB(EC370A_DBK01),1990,,2026-09-17 23:30:17
CASE 機殼(+電源),追風者 Phanteks 機殼,｛Phanteks Eclipse G400A 黑｝卡41.5/U高18.4/玻璃透側/背插/E-ATX(EC400GA_DBK01),3390,,2026-09-17 23:30:17
CASE 機殼(+電源),追風者 Phanteks 機殼,｛Phanteks Eclipse G400A 白｝卡41.5/U高18.4/玻璃透側/背插/E-ATX(EC400GA_DMW01),3390,,2026-09-17 23:30:17
CASE 機殼(+電源),追風者 Phanteks 機殼,｛Phanteks Enthoo Pro2 黑(非透側)｝顯卡50/U高19.5/支援雙電供/EEB(ES620PC_BK),4100,,2026-09-17 23:30:17
CASE 機殼(+電源),追風者 Phanteks 機殼,｛Phanteks Enthoo Pro2 黑｝顯卡50/U高19.5/玻璃透側/雙電供/EEB(ES620PTG_DBK),4410,,2026-09-17 23:30:17
CASE 機殼(+電源),追風者 Phanteks 機殼,｛Phanteks Enthoo Pro2 V2 伺服器版(非透側)｝顯卡50/U高19.5/EEB(ES620PC_BK03),5090,,2026-09-17 23:30:17
CASE 機殼(+電源),追風者 Phanteks 機殼,｛Phanteks Enthoo Pro2 黑 伺服器版｝顯卡50/U高19.5/玻璃透側/EEB(ES620PTG_BK02),5390,,2026-09-17 23:30:17
CASE 機殼(+電源),追風者 Phanteks 機殼,｛Phanteks Enthoo Elite 黑｝顯卡51.5/U高21/支援雙電供/玻璃透側/EEB(ES916E_BK),32450,,2026-09-17 23:30:17
CASE 機殼(+電源),Fractal Design 機殼,｛Fractal Design Era 2 銀色｝顯卡長32.6/厚4.8(6.3)/高13.7/CPU高5.5(7)/ITX【SFX】,7900,,2026-09-17 23:30:17
CASE 機殼(+電源),Fractal Design 機殼,｛Fractal Design Era 2 深灰｝顯卡長32.6/厚4.8(6.3)/高13.7/CPU高5.5(7)/ITX【SFX】,7900,,2026-09-17 23:30:17
CASE 機殼(+電源),Fractal Design 機殼,｛Fractal Design Era 2 午夜藍｝顯卡長32.6/厚4.8(6.3)/高13.7/CPU高5.5(7)/ITX【SFX】,7900,,2026-09-17 23:30:17
CASE 機殼(+電源),Fractal Design 機殼,｛Fractal Design Ridge 黑｝顯卡33.5(32.5)/厚8.2(5.7)/高13.7(12.5)/CPU高7/ITX【SFX】,4890,,2026-09-17 23:30:17
CASE 機殼(+電源),Fractal Design 機殼,｛Fractal Design Ridge 白｝顯卡33.5(32.5)/厚8.2(5.7)/高13.7(12.5)/CPU高7/ITX【SFX】,4890,,2026-09-17 23:30:17
CASE 機殼(+電源),Fractal Design 機殼,｛Fractal Design Terra 黑｝顯卡32.2(厚4.3-7.2)/U高7.7(4.8)/鋁機身/胡桃木面板/ITX【SFX】,6790,,2026-09-17 23:30:17
CASE 機殼(+電源),Fractal Design 機殼,｛Fractal Design Terra 銀｝顯卡32.2(厚4.3-7.2)/U高7.7(4.8)/鋁機身/胡桃木面板/ITX【SFX】,6790,,2026-09-17 23:30:17
CASE 機殼(+電源),Fractal Design 機殼,｛Fractal Design Terra 綠｝顯卡32.2(厚4.3-7.2)/U高7.7(4.8)/鋁機身/胡桃木面板/ITX【SFX】,6790,,2026-09-17 23:30:17
CASE 機殼(+電源),Fractal Design 機殼,｛Fractal Design Mood 灰｝顯卡長32.5(厚5.6)/CPU高11.4/透氣織布柱狀設計/ITX【SFX】,5990,,2026-09-17 23:30:17
CASE 機殼(+電源),Fractal Design 機殼,｛Fractal Design Mood 黑｝顯卡長32.5(厚5.6)/CPU高11.4/透氣織布柱狀設計/ITX【SFX】,5990,,2026-09-17 23:30:17
CASE 機殼(+電源),Fractal Design 機殼,｛Fractal Design Pop 2 Air RGB 黑｝顯卡長41.6/CPU高17.5/玻璃透側/ATX(POA2A-03),3690,,2026-09-17 23:30:17
CASE 機殼(+電源),Fractal Design 機殼,｛Fractal Design Pop 2 Air RGB 白｝顯卡長41.6/CPU高17.5/玻璃透側/ATX(POA2A-04),3690,,2026-09-17 23:30:17
CASE 機殼(+電源),Fractal Design 機殼,｛Fractal Design Pop 2 Vision RGB 黑｝顯卡41.2/U高17.2/全景玻璃/背插/ATX(POV2A-02),3690,,2026-09-17 23:30:17
CASE 機殼(+電源),Fractal Design 機殼,｛Fractal Design Pop 2 Vision RGB 白｝顯卡41.2/U高17.2/全景玻璃/背插/ATX(POV2A-03),3690,,2026-09-17 23:30:17
CASE 機殼(+電源),Fractal Design 機殼,｛Fractal Design Epoch TG 黑｝淺色玻璃/顯卡長37.2/CPU高17/ATX(EPO1A-02),3590,,2026-09-17 23:30:17
CASE 機殼(+電源),Fractal Design 機殼,｛Fractal Design Epoch TG 白｝透明玻璃/顯卡長37.2/CPU高17/ATX(EPO1A-03),3590,,2026-09-17 23:30:17
CASE 機殼(+電源),Fractal Design 機殼,｛Fractal Design Epoch TG RGB 黑｝淺色玻璃/顯卡長37.2/CPU高17/ATX(EPO1A-04),4390,,2026-09-17 23:30:17
CASE 機殼(+電源),Fractal Design 機殼,｛Fractal Design Epoch TG RGB 白｝透明玻璃/顯卡長37.2/CPU高17/ATX(EPO1A-05),4390,,2026-09-17 23:30:17
CASE 機殼(+電源),Fractal Design 機殼,｛Fractal Design Epoch XL 黑｝金屬側板/顯卡42.5/CPU高17.6/背插/E-ATX(EPO1X-01),4690,,2026-09-17 23:30:17
CASE 機殼(+電源),Fractal Design 機殼,｛Fractal Design Epoch XL TG 黑｝淺色玻璃/顯卡42.5/U高17.6/背插/E-ATX(EPO1X-02),4690,,2026-09-17 23:30:17
CASE 機殼(+電源),Fractal Design 機殼,｛Fractal Design Epoch XL TG 白｝透明玻璃/顯卡42.5/U高17.6/背插/E-ATX(EPO1X-03),4690,,2026-09-17 23:30:17
CASE 機殼(+電源),Fractal Design 機殼,｛Fractal Design Epoch XL TG RGB 白｝透明玻璃/卡42.5/U高17.6/背插/E-ATX(EPO1X-05),5390,,2026-09-17 23:30:17
CASE 機殼(+電源),Fractal Design 機殼,｛Fractal Design Define 7 Compact 黑｝金屬側板/顯卡長34/CPU高16.9/ATX(DEF7C-01),3790,,2026-09-17 23:30:17
CASE 機殼(+電源),Fractal Design 機殼,｛Fractal Design Define 7 黑｝金屬側板/顯卡長46.7/CPU高18.5/E-ATX(DEF7A-01),5590,,2026-09-17 23:30:17
CASE 機殼(+電源),Fractal Design 機殼,｛Fractal Design Define 7 XL 黑｝金屬側板/顯卡長52.4/CPU高18.5/EEB(DEF7X-01),7090,,2026-09-17 23:30:17
CASE 機殼(+電源),Fractal Design 機殼,｛Fractal Design Define One 黑｝金屬側板/顯卡36.8/U高17.1/背插/E-ATX(DEFOA-01),5499,,2026-09-17 23:30:17
CASE 機殼(+電源),Fractal Design 機殼,｛Fractal Design Define One 黑｝淺色玻璃/顯卡36.8/U高17.1/背插/E-ATX(DEFOA-02),5499,,2026-09-17 23:30:17
CASE 機殼(+電源),Fractal Design 機殼,｛Fractal Design Define One 白｝透明玻璃/顯卡36.8/U高17.1/背插/E-ATX(DEFOA-03),5499,,2026-09-17 23:30:17
CASE 機殼(+電源),Fractal Design 機殼,｛Fractal Design Define One 白｝金屬側板/顯卡36.8/U高17.1/背插/E-ATX(DEFOA-04),5499,,2026-09-17 23:30:17
CASE 機殼(+電源),Fractal Design 機殼,｛Fractal Design Torrent Compact RGB 黑｝淺色玻璃/卡33/CPU高17.4/E-ATX(TOR1C-02),5790,,2026-09-17 23:30:17
CASE 機殼(+電源),Fractal Design 機殼,｛Fractal Design Torrent 黑｝金屬側板/顯卡長42.3/CPU高18.8/EEB(TOR1A-05),5990,,2026-09-17 23:30:17
CASE 機殼(+電源),Fractal Design 機殼,｛Fractal Design Torrent 黑｝淺色玻璃/顯卡長42.3/CPU高18.8/EEB(TOR1A-01),6490,,2026-09-17 23:30:17
CASE 機殼(+電源),Fractal Design 機殼,｛Fractal Design Torrent 白｝透明玻璃/顯卡長42.3/CPU高18.8/EEB(TOR1A-03),6490,,2026-09-17 23:30:17
CASE 機殼(+電源),Fractal Design 機殼,｛Fractal Design Torrent RGB 黑｝淺色玻璃/顯卡長42.3/CPU高18.8/EEB(TOR1A-04),7990,,2026-09-17 23:30:17
CASE 機殼(+電源),Fractal Design 機殼,｛Fractal Design Torrent RGB 白｝透明玻璃/顯卡長42.3/CPU高18.8/EEB(TOR1A-07),7990,,2026-09-17 23:30:17
CASE 機殼(+電源),Fractal Design 機殼,｛Fractal Design North Charcoal 黑｝網孔側板/卡35.5/U高17/胡桃木面板/ATX(NOR1C-01),5290,,2026-09-17 23:30:17
CASE 機殼(+電源),Fractal Design 機殼,｛Fractal Design North Charcoal 黑｝淺色玻璃/卡35.5/U高17/胡桃木面板/ATX(NOR1C-02),5290,,2026-09-17 23:30:17
CASE 機殼(+電源),Fractal Design 機殼,｛Fractal Design North Chalk 白｝網孔側板/顯卡35.5/CPU高17/橡木面板/ATX(NOR1C-03),5290,,2026-09-17 23:30:17
CASE 機殼(+電源),Fractal Design 機殼,｛Fractal Design North Chalk 白｝透明玻璃/顯卡35.5/CPU高17/橡木面板/ATX(NOR1C-04),5290,,2026-09-17 23:30:17
CASE 機殼(+電源),Fractal Design 機殼,｛Fractal Design North Momentum｝顯卡35.5/U高17/玻璃透側/黑橡木面板/ATX(NOR1C-05),6390,,2026-09-17 23:30:17
CASE 機殼(+電源),Fractal Design 機殼,｛Fractal Design North XL Charcoal 黑｝網孔側板/卡41.3/U18.5/胡桃木/E-ATX(NOR1X-01),6290,,2026-09-17 23:30:17
CASE 機殼(+電源),Fractal Design 機殼,｛Fractal Design North XL Charcoal 黑｝深色玻璃/卡41.3/U18.5/胡桃木/E-ATX(NOR1X-02),6290,,2026-09-17 23:30:17
CASE 機殼(+電源),Fractal Design 機殼,｛Fractal Design North XL Chalk 白｝網孔側板/顯卡41.3/U高18.5/橡木/E-ATX(NOR1X-03),6290,,2026-09-17 23:30:17
CASE 機殼(+電源),Fractal Design 機殼,｛Fractal Design North XL Chalk 白｝透明玻璃/顯卡41.3/U高18.5/橡木/E-ATX(NOR1X-04),6290,,2026-09-17 23:30:17
CASE 機殼(+電源),Fractal Design 機殼,｛Fractal Design North XL RC Charcoal 黑｝深色玻璃/卡41.3/U16.9/限背插/ATX(NOR1X-05),6490,,2026-09-17 23:30:17
CASE 機殼(+電源),Fractal Design 機殼,｛Fractal Design North XL RC Chalk 白｝透明玻璃/卡41.3/U16.9/限背插/ATX(NOR1X-06),6490,,2026-09-17 23:30:17
CASE 機殼(+電源),Fractal Design 機殼,｛Fractal Design North XL Momentum｝卡41.3/U17.6/玻璃透側/黑橡木/E-ATX(NOR1X-07),7390,,2026-09-17 23:30:17
CASE 機殼(+電源),Fractal Design 機殼,｛Fractal Design Meshify 3 黑｝金屬側板/顯卡長34.9/CPU高17.6/E-ATX(MES3A-01),5390,,2026-09-17 23:30:17
CASE 機殼(+電源),Fractal Design 機殼,｛Fractal Design Meshify 3 TG 黑｝淺色玻璃/顯卡長34.9/CPU高17.6/E-ATX(MES3A-02),5390,,2026-09-17 23:30:17
CASE 機殼(+電源),Fractal Design 機殼,｛Fractal Design Meshify 3 TG 白｝透明玻璃/顯卡長34.95/CPU高17.6/E-ATX(MES3A-04),5390,,2026-09-17 23:30:17
CASE 機殼(+電源),Fractal Design 機殼,｛Fractal Design Meshify 3 RGB 黑｝淺色玻璃/顯卡長34.9/CPU高17.6/E-ATX(MES3A-06),6190,,2026-09-17 23:30:17
CASE 機殼(+電源),Fractal Design 機殼,｛Fractal Design Meshify 3 RGB 白｝透明玻璃/顯卡長34.95/CPU高17.6/E-ATX(MES3A-07),6190,,2026-09-17 23:30:17
CASE 機殼(+電源),Fractal Design 機殼,｛Fractal Design Meshify 3(環境燈)RGB Pro 黑｝淺色玻璃/卡34.9/U17.6/E-ATX(MES3A-03),8490,,2026-09-17 23:30:17
CASE 機殼(+電源),Fractal Design 機殼,｛Fractal Design Meshify 3(環境燈)RGB Pro 白｝透明玻璃/卡34.9/U17.6/E-ATX(MES3A-05),8490,,2026-09-17 23:30:17
CASE 機殼(+電源),Fractal Design 機殼,｛Fractal Design Meshify 3 XL 黑｝金屬側板/顯卡長51.2/CPU高18.2/E-ATX(MES3X-01),6590,,2026-09-17 23:30:17
CASE 機殼(+電源),Fractal Design 機殼,｛Fractal Design Meshify 3 XL 黑｝淺色玻璃/顯卡長51.2/CPU高18.2/E-ATX(MES3X-02),6590,,2026-09-17 23:30:17
CASE 機殼(+電源),Fractal Design 機殼,｛Fractal Design Meshify 3 XL(環境燈)RGB Pro 黑｝淺色玻璃/卡51.2/U18.2/E-ATX(MES3X-03),9590,,2026-09-17 23:30:17
CASE 機殼(+電源),Fractal Design 機殼,｛Fractal Design Meshify 3 XL(環境燈)RGB Pro 白｝透明玻璃/卡51.2/U18.2/E-ATX(MES3X-05),9590,,2026-09-17 23:30:17
CASE 機殼(+電源),Fractal Design 機殼,｛Fractal Design Summit Chalk 白｝金屬側板/顯卡42.5/U高17.3/背插/E-ATX(SUM1A-01),6399,,2026-09-17 23:30:17
CASE 機殼(+電源),Fractal Design 機殼,｛Fractal Design Summit Chalk 白｝透明玻璃/顯卡42.5/U高17.3/背插/E-ATX(SUM1A-02),6399,,2026-09-17 23:30:17
CASE 機殼(+電源),Fractal Design 機殼,｛Fractal Design Summit 黑｝金屬側板/顯卡長42.5/CPU17.3/背插/E-ATX(SUM1A-03),6399,,2026-09-17 23:30:17
CASE 機殼(+電源),Fractal Design 機殼,｛Fractal Design Summit 極致黑｝淺色玻璃/顯卡42.5/CPU17.3/背插/E-ATX(SUM1A-05),6399,,2026-09-17 23:30:17
CASE 機殼(+電源),Fractal Design 機殼,｛Fractal Design Summit(環境燈) 極致黑｝淺色玻璃/卡42.5/U17.3/背插/E-ATX(SUM1A-06),7599,,2026-09-17 23:30:17
CASE 機殼(+電源),酷碼 CoolerMaster 機殼,｛酷碼 MasterBox NR200 白｝顯卡長33/CPU高15.5(7.6)/ITX【SFX】,1990,,2026-09-17 23:30:17
CASE 機殼(+電源),酷碼 CoolerMaster 機殼,｛酷碼MasterBox NR200P V3 黑｝顯卡長36.1/U高7/網孔側板/PCIe5.0延長線/ITX【SFX】,3490,,2026-09-17 23:30:17
CASE 機殼(+電源),酷碼 CoolerMaster 機殼,｛酷碼RC-343｝顯卡長25(36)/CPU高14.8/網孔面板/M-ATX,990,,2026-09-17 23:30:17
CASE 機殼(+電源),酷碼 CoolerMaster 機殼,｛酷碼N200｝顯卡長35.5/CPU高16/M-ATX,1390,,2026-09-17 23:30:17
CASE 機殼(+電源),酷碼 CoolerMaster 機殼,｛酷碼N300 升級版｝顯卡長32/CPU高16.4/NSE-300-KKN3/ATX,1290,,2026-09-17 23:30:17
CASE 機殼(+電源),酷碼 CoolerMaster 機殼,｛酷碼N400｝顯卡長32/CPU高16.4/全沖孔網面板/ATX,1490,,2026-09-17 23:30:17
CASE 機殼(+電源),酷碼 CoolerMaster 機殼,｛酷碼殺手 102｝顯卡長34/CPU高15.6/SSD*2/ATX(RC-102C-KKN4),790,,2026-09-17 23:30:17
CASE 機殼(+電源),酷碼 CoolerMaster 機殼,｛酷碼殺手 103｝顯卡長34.4/CPU高15.6/SSD*2/ATX(RC-103-KKN1),790,,2026-09-17 23:30:17
CASE 機殼(+電源),酷碼 CoolerMaster 機殼,｛酷碼Elite 300｝顯卡長36.5/CPU高16.5/M-ATX(E300-KN5N-S00),1290,,2026-09-17 23:30:17
CASE 機殼(+電源),酷碼 CoolerMaster 機殼,｛酷碼Elite 301 Lite 透側版｝顯卡長36.5/CPU高16.3/玻璃透側/M-ATX,1190,,2026-09-17 23:30:17
CASE 機殼(+電源),酷碼 CoolerMaster 機殼,｛酷碼Elite 301 Lite 金屬版｝顯卡長36.5/CPU高16.3/金屬側板/三風扇/M-ATX,1290,,2026-09-17 23:30:17
CASE 機殼(+電源),酷碼 CoolerMaster 機殼,｛酷碼Elite 350 黑｝顯卡長31.7/CPU高16.3/玻璃透側/M-ATX,1590,,2026-09-17 23:30:17
CASE 機殼(+電源),酷碼 CoolerMaster 機殼,｛酷碼Elite 350 白｝顯卡長31.7/CPU高16.3/玻璃透側/M-ATX,1690,,2026-09-17 23:30:17
CASE 機殼(+電源),酷碼 CoolerMaster 機殼,｛酷碼Elite 481 黑｝顯卡長41/CPU高16/木質飾板/全景玻璃透側/分艙設計/M-ATX,1690,,2026-09-17 23:30:17
CASE 機殼(+電源),酷碼 CoolerMaster 機殼,｛酷碼Elite 481 白｝顯卡長41/CPU高16/木質飾板/全景玻璃透側/分艙設計/M-ATX,1790,,2026-09-17 23:30:17
CASE 機殼(+電源),酷碼 CoolerMaster 機殼,｛酷碼Elite 490 黑｝顯卡長42.5/CPU高17/全景玻璃透側/M-ATX,1490,,2026-09-17 23:30:17
CASE 機殼(+電源),酷碼 CoolerMaster 機殼,｛酷碼Elite 490 白｝顯卡長42.5/CPU高17/全景玻璃透側/M-ATX,1590,,2026-09-17 23:30:17
CASE 機殼(+電源),酷碼 CoolerMaster 機殼,｛酷碼Elite 500 玻璃透側版｝顯卡長35/CPU高16.1/ATX(E500-KGNN-S00),1390,,2026-09-17 23:30:17
CASE 機殼(+電源),酷碼 CoolerMaster 機殼,｛酷碼Elite 500 ODD｝顯卡長40/CPU高16.3/ATX(E500-KN5N-S00),1390,,2026-09-17 23:30:17
CASE 機殼(+電源),酷碼 CoolerMaster 機殼,｛酷碼Elite 502 Lite 黑｝顯卡長41/CPU高17/玻璃透側/支援背插/ATX,1390,,2026-09-17 23:30:17
CASE 機殼(+電源),酷碼 CoolerMaster 機殼,｛酷碼Elite 502 Lite 白｝顯卡長41/CPU高17/玻璃透側/支援背插/ATX,1490,,2026-09-17 23:30:17
CASE 機殼(+電源),酷碼 CoolerMaster 機殼,｛酷碼Elite 600 黑｝顯卡長42.5/CPU高16/全景曲面玻璃/分艙設計/七風扇/支援背插/ATX,3090,,2026-09-17 23:30:17
CASE 機殼(+電源),酷碼 CoolerMaster 機殼,｛酷碼Elite 600 白｝顯卡長42.5/CPU高16/全景曲面玻璃/分艙設計/七風扇/支援背插/ATX,3290,,2026-09-17 23:30:17
CASE 機殼(+電源),酷碼 CoolerMaster 機殼,｛酷碼Elite 681 黑｝顯卡長41/CPU高16/全景玻璃透側/分艙設計/ATX,1890,,2026-09-17 23:30:17
CASE 機殼(+電源),酷碼 CoolerMaster 機殼,｛酷碼Elite 681 白｝顯卡長41/CPU高16/全景玻璃透側/分艙設計/ATX,1990,,2026-09-17 23:30:17
CASE 機殼(+電源),酷碼 CoolerMaster 機殼,｛酷碼Elite 690 黑｝顯卡長42.5/CPU高17/木質飾板/全景玻璃透側/ATX,1690,,2026-09-17 23:30:17
CASE 機殼(+電源),酷碼 CoolerMaster 機殼,｛酷碼Elite 690 白｝顯卡長42.5/CPU高17/木質飾板/全景玻璃透側/ATX,1790,,2026-09-17 23:30:17
CASE 機殼(+電源),酷碼 CoolerMaster 機殼,｛酷碼Q300L V3 黑｝顯卡長36.6/CPU高17.8/玻璃透側/M-ATX,1590,,2026-09-17 23:30:17
CASE 機殼(+電源),酷碼 CoolerMaster 機殼,｛酷碼Q300L V3 白｝顯卡長36.6/CPU高17.8/玻璃透側/M-ATX,1590,,2026-09-17 23:30:17
CASE 機殼(+電源),酷碼 CoolerMaster 機殼,｛酷碼Qube 340 黑｝顯卡長36.6/CPU高17.8/玻璃透側/提把設計/耳機架/M-ATX,1690,,2026-09-17 23:30:17
CASE 機殼(+電源),酷碼 CoolerMaster 機殼,｛酷碼Qube 340 白｝顯卡長36.6/CPU高17.8/玻璃透側/提把設計/耳機架/M-ATX,1690,,2026-09-17 23:30:17
CASE 機殼(+電源),酷碼 CoolerMaster 機殼,｛酷碼Qube 500 Flatpack DIY版 黑｝顯卡36/CPU高17.2/玻璃透側/ATX(不提供組裝服務),1990,,2026-09-17 23:30:17
CASE 機殼(+電源),酷碼 CoolerMaster 機殼,｛酷碼Qube 500 Flatpack DIY版 白｝顯卡36/CPU高17.2/玻璃透側/ATX(不提供組裝服務),1990,,2026-09-17 23:30:17
CASE 機殼(+電源),酷碼 CoolerMaster 機殼,｛酷碼Qube 500 Flatpack DIY 馬卡龍版｝卡長36/U高17.2/玻璃透側/ATX(不提供組裝服務),2490,,2026-09-17 23:30:17
CASE 機殼(+電源),酷碼 CoolerMaster 機殼,｛酷碼Qube 540 月石灰｝顯卡長41.5/CPU高17.2/玻璃透側/可調式I/O面板+把手/ATX,2690,,2026-09-17 23:30:17
CASE 機殼(+電源),酷碼 CoolerMaster 機殼,｛酷碼Qube 540 星塵黑｝顯卡長41.5/CPU高17.2/玻璃透側/可調式I/O面板+把手/ATX,2690,,2026-09-17 23:30:17
CASE 機殼(+電源),酷碼 CoolerMaster 機殼,｛酷碼HAF 500 黑色｝顯卡長41/CPU高16.7/玻璃透側/顯卡專用風扇/E-ATX,3290,,2026-09-17 23:30:17
CASE 機殼(+電源),酷碼 CoolerMaster 機殼,｛酷碼HAF 500 白色｝顯卡長41/CPU高16.7/玻璃透側/顯卡專用風扇/E-ATX,3290,,2026-09-17 23:30:17
CASE 機殼(+電源),酷碼 CoolerMaster 機殼,｛酷碼HAF II 500｝顯卡長44/U高22/玻璃透側/內含雙220x40mm+180x40mm風扇/E-ATX,5690,,2026-09-17 23:30:17
CASE 機殼(+電源),酷碼 CoolerMaster 機殼,｛酷碼Silencio S400 黑/靜音版｝顯卡長31.9/CPU高16.7/M-ATX(S400-KN5N-S00),2290,,2026-09-17 23:30:17
CASE 機殼(+電源),酷碼 CoolerMaster 機殼,｛酷碼Silencio S600 靜音版｝顯卡長39.8/CPU高16.7/ATX(S600-KN5N-S00),2790,,2026-09-17 23:30:17
CASE 機殼(+電源),酷碼 CoolerMaster 機殼,｛酷碼MasterBox 600 黑｝顯卡長41/CPU高17/玻璃透側/支援背插/ATX,2290,,2026-09-17 23:30:17
CASE 機殼(+電源),酷碼 CoolerMaster 機殼,｛酷碼MasterBox 600 白｝顯卡長41/CPU高17/玻璃透側/支援背插/ATX,2290,,2026-09-17 23:30:17
CASE 機殼(+電源),酷碼 CoolerMaster 機殼,｛酷碼MasterBox CM695/金屬側板｝顯卡長39.8/CPU高16.6/ATX(KN5N-S00),3090,,2026-09-17 23:30:17
CASE 機殼(+電源),酷碼 CoolerMaster 機殼,｛酷碼MasterBox CM695/玻璃透側｝顯卡長39.8/CPU高16.6/ATX(KG5N-S00),3290,,2026-09-17 23:30:17
CASE 機殼(+電源),酷碼 CoolerMaster 機殼,｛酷碼MasterBox MB600L V2 光碟機版｝顯卡長40/CPU高16.1/玻璃透側/髮絲紋面板/ATX,1490,,2026-09-17 23:30:17
CASE 機殼(+電源),酷碼 CoolerMaster 機殼,｛酷碼MasterBox MB600L V2 無光碟機版｝顯卡長35/U高16.1/玻璃透側/髮絲紋面板/ATX,1390,,2026-09-17 23:30:17
CASE 機殼(+電源),酷碼 CoolerMaster 機殼,｛酷碼MasterBox TD500 Mesh V2 黑｝顯卡長41/U高16.5/玻璃透側/可拆式上蓋/ATX,2690,,2026-09-17 23:30:17
CASE 機殼(+電源),酷碼 CoolerMaster 機殼,｛酷碼MasterBox Q500L｝顯卡長36/CPU高16/壓克力透側/ATX,1690,,2026-09-17 23:30:17
CASE 機殼(+電源),酷碼 CoolerMaster 機殼,｛酷碼MasterCase MC500｝顯卡長41/CPU高19/玻璃透側/沖孔面板/E-ATX,2990,,2026-09-17 23:30:17
CASE 機殼(+電源),酷碼 CoolerMaster 機殼,｛酷碼MasterFrame 360 舞台(封閉式前玻璃)｝顯卡長43/U高14.5/PCIe5延長線/背插/ATX,6490,,2026-09-17 23:30:17
CASE 機殼(+電源),酷碼 CoolerMaster 機殼,｛酷碼MasterFrame 360 舞台(開放式鏡面)｝顯卡長43/CPU高14.5/PCIe5延長線/背插/ATX,6290,,2026-09-17 23:30:17
CASE 機殼(+電源),酷碼 CoolerMaster 機殼,｛酷碼MasterFrame 360 舞台(開放式LCD螢幕) ｝顯卡43/U高14.5/PCIe5延長線/背插/ATX,8990,,2026-09-17 23:30:17
CASE 機殼(+電源),酷碼 CoolerMaster 機殼,｛酷碼MasterFrame 400 Mesh 黑｝顯卡長39/CPU高19/玻璃透側/雙向擺放/M-ATX,4290,,2026-09-17 23:30:17
CASE 機殼(+電源),酷碼 CoolerMaster 機殼,｛酷碼MasterFrame 400 Mesh 銀｝顯卡長39/CPU高19/玻璃透側/雙向擺放/M-ATX,4290,,2026-09-17 23:30:17
CASE 機殼(+電源),酷碼 CoolerMaster 機殼,｛酷碼MasterFrame 600 銀｝顯卡長48.5/CPU高19/玻璃透側/ARGB風扇/支援背插/ATX,5490,,2026-09-17 23:30:17
CASE 機殼(+電源),酷碼 CoolerMaster 機殼,｛酷碼COSMOS ALPHA｝顯卡長40/CPU高18.6/玻璃透側/滑動式主板托盤/E-ATX,12990,客訂,2026-09-17 23:30:17
CASE 機殼(+電源),幾何未來 Geometric Future 機殼,｛幾何未來 Model 3 哪吒 黑黃｝顯卡43.5/U高17.5/龍鱗扇*5/全景玻璃/公仔平臺/M-ATX,3390,,2026-09-17 23:30:17
CASE 機殼(+電源),幾何未來 Geometric Future 機殼,幾何未來 Model 3 哪吒 黑黃/全景玻璃/M-ATX+幾何未來 Eskimo Pro 36B水冷 現省,1900,,2026-09-17 23:30:17
CASE 機殼(+電源),幾何未來 Geometric Future 機殼,｛幾何未來 Model 3 哪吒 黑灰｝顯卡43.5/U高17.5/龍鱗扇*5/全景玻璃/公仔平臺/M-ATX,3390,,2026-09-17 23:30:17
CASE 機殼(+電源),幾何未來 Geometric Future 機殼,幾何未來 Model 3 哪吒 黑灰/全景玻璃/M-ATX+幾何未來 Eskimo Pro 36B水冷 現省,1900,,2026-09-17 23:30:17
CASE 機殼(+電源),幾何未來 Geometric Future 機殼,｛幾何未來 Model 3 哪吒 全白｝顯卡43.5/U高17.5/龍鱗扇*5/全景玻璃/公仔平臺/M-ATX,3490,,2026-09-17 23:30:17
CASE 機殼(+電源),幾何未來 Geometric Future 機殼,幾何未來 Model 3 哪吒 全白/全景玻璃/M-ATX+幾何未來 Eskimo Pro 36W水冷 現省,1900,,2026-09-17 23:30:17
CASE 機殼(+電源),幾何未來 Geometric Future 機殼,｛幾何未來 Model 3 哪吒 黑綠｝顯卡43.5/U高17.5/龍鱗扇*5/全景玻璃/公仔平臺/M-ATX,3490,,2026-09-17 23:30:17
CASE 機殼(+電源),幾何未來 Geometric Future 機殼,幾何未來 Model 3 哪吒 黑綠/全景玻璃/M-ATX+幾何未來 Eskimo Pro 36B水冷 現省,1900,,2026-09-17 23:30:17
CASE 機殼(+電源),幾何未來 Geometric Future 機殼,｛幾何未來 Model 5 悟空 黑黃｝顯卡46/U高18/14cm龍鱗扇*5/全景玻璃/公仔平臺/E-ATX,3690,,2026-09-17 23:30:17
CASE 機殼(+電源),幾何未來 Geometric Future 機殼,｛幾何未來 Model 5 悟空 黑灰｝顯卡46/U高18/14cm龍鱗扇*5/全景玻璃/公仔平臺/E-ATX,3690,,2026-09-17 23:30:17
CASE 機殼(+電源),幾何未來 Geometric Future 機殼,｛幾何未來 Model 5 悟空 蒂芬尼藍｝卡46/U高18/14cm龍鱗扇*5/全景玻璃/公仔平臺/E-ATX,3690,,2026-09-17 23:30:17
CASE 機殼(+電源),幾何未來 Geometric Future 機殼,｛幾何未來 Model 5 悟空 全白｝顯卡46/U高18/14cm龍鱗扇*5/全景玻璃/公仔平臺/E-ATX,3890,,2026-09-17 23:30:17
CASE 機殼(+電源),幾何未來 Geometric Future 機殼,｛幾何未來 Model 5 悟空 黑綠｝顯卡46/U高18/14cm龍鱗扇*5/全景玻璃/公仔平臺/E-ATX,3890,,2026-09-17 23:30:17
CASE 機殼(+電源),幾何未來 Geometric Future 機殼,｛幾何未來 Model 5 悟空 粉紅｝顯卡46/U高18/14cm龍鱗扇*5/全景玻璃/公仔平臺/E-ATX,3890,,2026-09-17 23:30:17
CASE 機殼(+電源),幾何未來 Geometric Future 機殼,｛幾何未來 Model 5 悟空 粉藍｝顯卡46/U高18/14cm龍鱗扇*5/全景玻璃/公仔平臺/E-ATX,3890,,2026-09-17 23:30:17
CASE 機殼(+電源),幾何未來 Geometric Future 機殼,｛幾何未來 Model 5 悟空 AMD聯名｝顯卡46/U高18/龍鱗扇*5/全景玻璃/公仔平臺/E-ATX,4190,,2026-09-17 23:30:17
CASE 機殼(+電源),幾何未來 Geometric Future 機殼,｛幾何未來 Model 5 Vent 鐵扇 黑｝顯卡長46/CPU高18/14cm龍鱗扇*5/玻璃透側/E-ATX,3690,,2026-09-17 23:30:17
CASE 機殼(+電源),幾何未來 Geometric Future 機殼,｛幾何未來 Model 5 Vent 鐵扇 全白｝顯卡46/CPU高18/14cm龍鱗扇*5/玻璃透側/E-ATX,3890,,2026-09-17 23:30:17
CASE 機殼(+電源),威剛 XPG 機殼,｛XPG VALOR MESH NANO 黑｝顯卡長37/CPU高17/四面金屬網孔/顯卡支架/M-ATX,1890,,2026-09-17 23:30:17
CASE 機殼(+電源),威剛 XPG 機殼,XPG VALOR MESH NANO 黑/M-ATX+XPG REACTOR II VE 750W金牌/全模 現省,400,,2026-09-17 23:30:17
CASE 機殼(+電源),威剛 XPG 機殼,｛XPG VALOR MESH NANO 白｝顯卡長37/CPU高17/四面金屬網孔/顯卡支架/M-ATX,1890,,2026-09-17 23:30:17
CASE 機殼(+電源),威剛 XPG 機殼,XPG VALOR MESH NANO 白/M-ATX+XPG REACTOR II VE 750W金牌/全模 現省,400,,2026-09-17 23:30:17
CASE 機殼(+電源),威剛 XPG 機殼,｛XPG VALOR AIR PRO 黑｝顯卡長40/CPU高16.7/玻璃透側/磁吸面板/E-ATX,1790,,2026-09-17 23:30:17
CASE 機殼(+電源),威剛 XPG 機殼,｛XPG VALOR AIR PRO 白｝顯卡長40/CPU高16.7/玻璃透側/磁吸面板/E-ATX,1790,,2026-09-17 23:30:17
CASE 機殼(+電源),銀欣 SilverStone 機殼,｛銀欣 ALTA G1M 黑｝顯卡長35.5/CPU高15.9/垂直風流/M-ATX(ALG1MB)【SFX】,2990,,2026-09-17 23:30:17
CASE 機殼(+電源),銀欣 SilverStone 機殼,｛銀欣 ALTA G1M 白｝顯卡長35.5/CPU高15.9/垂直風流/M-ATX(ALG1MW)【SFX】,3090,,2026-09-17 23:30:17
CASE 機殼(+電源),銀欣 SilverStone 機殼,｛銀欣 ML03 黑｝短板顯卡/CPU高7/薄型橫式機殼/M-ATX(ML03B),1990,,2026-09-17 23:30:17
CASE 機殼(+電源),銀欣 SilverStone 機殼,｛銀欣 ML04 黑｝短板顯卡/CPU高7/薄型橫式機殼/M-ATX(ML04B),2490,,2026-09-17 23:30:17
CASE 機殼(+電源),銀欣 SilverStone 機殼,｛銀欣 ML09 黑｝顯卡長17.5(LP)/CPU高3.7(7)/ITX(ML09B)【SFX】,2040,客訂,2026-09-17 23:30:17
CASE 機殼(+電源),銀欣 SilverStone 機殼,｛銀欣 Lucid 04 黑｝顯卡長35/CPU高17.7/全景玻璃透側/M-ATX,1690,,2026-09-17 23:30:17
CASE 機殼(+電源),銀欣 SilverStone 機殼,｛銀欣 Lucid 04 白｝顯卡長35/CPU高17.7/全景玻璃透側/M-ATX,1790,,2026-09-17 23:30:17
CASE 機殼(+電源),銀欣 SilverStone 機殼,｛銀欣 Lucid 05 黑｝顯卡長41/CPU高17.3/全景玻璃透側/ATX,1790,,2026-09-17 23:30:17
CASE 機殼(+電源),銀欣 SilverStone 機殼,｛銀欣 Lucid 05 白｝顯卡長41/CPU高17.3/全景玻璃透側/ATX,1890,,2026-09-17 23:30:17
CASE 機殼(+電源),銀欣 SilverStone 機殼,｛銀欣 FARA 311｝顯卡長35.4/CPU高15.6/全沖孔網前面板/M-ATX,1190,,2026-09-17 23:30:17
CASE 機殼(+電源),銀欣 SilverStone 機殼,｛銀欣 FARA 514X 黑｝顯卡37.8/CPU高16.8/精密沖孔網面板/玻璃透側/ATX 原價,2590,,2026-09-17 23:30:17
CASE 機殼(+電源),銀欣 SilverStone 機殼,｛銀欣 FARA 514X 白｝顯卡37.8/CPU高16.8/精密沖孔網面板/玻璃透側/ATX 原價,2690,,2026-09-17 23:30:17
CASE 機殼(+電源),銀欣 SilverStone 機殼,｛銀欣 FLP01｝HTPC 復古機殼 顯卡長30.9/CPU高8.8~13.8/橫躺式/ATX,2790,,2026-09-17 23:30:17
CASE 機殼(+電源),銀欣 SilverStone 機殼,｛銀欣 FLP02｝復古機殼 顯卡長38.6/CPU高18.2/電源鑰匙鎖/仿軟碟機擋板/ATX,4990,,2026-09-17 23:30:17
CASE 機殼(+電源),銀欣 SilverStone 機殼,｛銀欣 FLP03｝復古機殼 顯卡長41.3/CPU高16.9/電源鑰匙鎖/仿軟碟機擋板/M-ATX,3790,,2026-09-17 23:30:17
CASE 機殼(+電源),銀欣 SilverStone 機殼,｛銀欣 SETA H1｝顯卡長39.4/CPU高18.2/玻璃透側E-ATX(SEH1B-G),3090,,2026-09-17 23:30:17
CASE 機殼(+電源),銀欣 SilverStone 機殼,｛銀欣 SETA Q1｝靜音機殼 顯卡長39.4/CPU高18.2/迷宮式降噪面板/E-ATX(SEQ1B),4300,,2026-09-17 23:30:17
CASE 機殼(+電源),銀欣 SilverStone 機殼,｛銀欣 LD03｝顯卡長30.9(2 slots)/CPU高19/垂直風道/玻璃透側/ITX【SFX】原價,4490,,2026-09-17 23:30:17
CASE 機殼(+電源),銀欣 SilverStone 機殼,｛銀欣 SG05-LITE 黑｝顯卡長22.8/CPU高8/ITX(SG05BB-LITE)【SFX】,1400,,2026-09-17 23:30:17
CASE 機殼(+電源),銀欣 SilverStone 機殼,｛銀欣 SG13 鐵網版｝顯卡長27/CPU高6/SSD*3/網孔面板/ITX(SG13B),1230,,2026-09-17 23:30:17
CASE 機殼(+電源),銀欣 SilverStone 機殼,｛銀欣 SG13 仿金屬紋版｝顯卡長27/CPU高6/拉絲面板/ITX(SG13B-Q),1290,,2026-09-17 23:30:17
CASE 機殼(+電源),銀欣 SilverStone 機殼,｛銀欣 SUGO 14 白｝顯卡長33/CPU高18.2/電供深15/ITX(SG14W) 原價,3200,,2026-09-17 23:30:17
CASE 機殼(+電源),銀欣 SilverStone 機殼,｛銀欣 SUGO 16 黑｝顯卡長27.5/CPU高8.5(17.2)/ITX(SG16B)【建議搭配SFX電供】,1790,,2026-09-17 23:30:17
CASE 機殼(+電源),銀欣 SilverStone 機殼,｛銀欣 SUGO 16 白｝顯卡長27.5/CPU高8.5(17.2)/ITX(SG16W)【建議搭配SFX電供】,1790,,2026-09-17 23:30:17
CASE 機殼(+電源),振華 Super Flower,｛振華 M706｝顯卡長39/U高16.5/玻璃透側/木紋飾板/ATX,1790,,2026-09-17 23:30:17
CASE 機殼(+電源),振華 Super Flower,｛振華 M801 黑｝顯卡長42.5/CPU高18/全景曲面玻璃/ATX,1990,,2026-09-17 23:30:17
CASE 機殼(+電源),振華 Super Flower,｛振華 M801 白｝顯卡長42.5/CPU高18/全景曲面玻璃/ATX,1990,,2026-09-17 23:30:17
CASE 機殼(+電源),曜越 Thermaltake 機殼,｛曜越 View 270 TG ARGB V2 黑｝顯卡長42/CPU高18/三風扇/全景玻璃透側/ATX,1690,,2026-09-17 23:30:17
CASE 機殼(+電源),曜越 Thermaltake 機殼,｛曜越 View 270 TG ARGB V2 白｝顯卡長42/CPU高18/三風扇/全景玻璃透側/ATX,1690,,2026-09-17 23:30:17
CASE 機殼(+電源),曜越 Thermaltake 機殼,｛曜越 View 290 TG ARGB 黑｝顯卡45/U高18/全景曲面玻璃/支援背插/ATX 原價,2690,,2026-09-17 23:30:17
CASE 機殼(+電源),曜越 Thermaltake 機殼,｛曜越 View 290 TG ARGB 白｝顯卡45/U高18/全景曲面玻璃/支援背插/ATX 原價,2690,,2026-09-17 23:30:17
CASE 機殼(+電源),曜越 Thermaltake 機殼,｛曜越 View 380 XL TG ARGB 黑｝顯卡42/CPU高16/全景玻璃/分艙設計/支援背插/ATX,3490,,2026-09-17 23:30:17
CASE 機殼(+電源),曜越 Thermaltake 機殼,｛曜越 View 380 XL TG ARGB 白｝顯卡42/CPU高16/全景玻璃/分艙設計/支援背插/ATX,3490,,2026-09-17 23:30:17
CASE 機殼(+電源),曜越 Thermaltake 機殼,｛曜越 View 380 XL TG ARGB 鋒芒黃｝顯卡42/CPU高16/全景玻璃/分艙設計/背插/ATX,3490,,2026-09-17 23:30:17
CASE 機殼(+電源),曜越 Thermaltake 機殼,｛曜越 View 380 XL TG ARGB 礫石沙｝顯卡42/CPU高16/全景玻璃/分艙設計/背插/ATX,3490,,2026-09-17 23:30:17
CASE 機殼(+電源),曜越 Thermaltake 機殼,｛曜越 View 390 Air 黑｝顯卡長42/CPU高16/鷗翼式曲面玻璃/分艙設計/支援背插/ATX,4890,,2026-09-17 23:30:17
CASE 機殼(+電源),曜越 Thermaltake 機殼,曜越 View 390 Air 黑 /鷗翼式曲面玻璃/ATX + 曜越 6.0吋 LCD 擴充螢幕(原價,2490,,2026-09-17 23:30:17
CASE 機殼(+電源),曜越 Thermaltake 機殼,｛曜越 View 390 Air 白｝顯卡長42/CPU高16/鷗翼式曲面玻璃/分艙設計/支援背插/ATX,4890,,2026-09-17 23:30:17
CASE 機殼(+電源),曜越 Thermaltake 機殼,曜越 View 390 Air 白 /鷗翼式曲面玻璃/ATX + 曜越 6.0吋 LCD 擴充螢幕(原價,2490,,2026-09-17 23:30:17
CASE 機殼(+電源),曜越 Thermaltake 機殼,｛曜越 View 390 Air 暮光紫｝顯卡42/CPU高16/鷗翼式曲面玻璃/分艙設計/支援背插/ATX,4890,,2026-09-17 23:30:17
CASE 機殼(+電源),曜越 Thermaltake 機殼,曜越 View 390 Air 暮光紫 /鷗翼式曲面玻璃/ATX + 曜越 6.0吋 LCD 擴充螢幕(原價,2490,,2026-09-17 23:30:17
CASE 機殼(+電源),曜越 Thermaltake 機殼,｛曜越 View 390 Air 奶油焦糖｝顯卡42/U高16/鷗翼式曲面玻璃/分艙設計/支援背插/ATX,4890,,2026-09-17 23:30:17
CASE 機殼(+電源),曜越 Thermaltake 機殼,曜越 View 390 Air 奶油焦糖/鷗翼式曲面玻璃/ATX+曜越 6.0吋 LCD 擴充螢幕(原價,2490,,2026-09-17 23:30:17
CASE 機殼(+電源),曜越 Thermaltake 機殼,｛曜越 Vision 330 CR ARGB 黑｝卡42/U高17.5/側掀曲面玻璃/分艙設計/六風扇/背插/ATX,2890,,2026-09-17 23:30:17
CASE 機殼(+電源),曜越 Thermaltake 機殼,｛曜越 Vision 330 CR ARGB 白｝卡42/U高17.5/側掀曲面玻璃/分艙設計/六風扇/背插/ATX,2890,,2026-09-17 23:30:17
CASE 機殼(+電源),曜越 Thermaltake 機殼,｛曜越 The Tower 250 黑｝顯卡長36/CPU高21/全景玻璃/八角柱造型/ITX,3690,,2026-09-17 23:30:17
CASE 機殼(+電源),曜越 Thermaltake 機殼,｛曜越 The Tower 250 白｝顯卡長36/CPU高21/全景玻璃/八角柱造型/ITX,3690,,2026-09-17 23:30:17
CASE 機殼(+電源),曜越 Thermaltake 機殼,｛曜越 The Tower 250 抹茶綠｝顯卡長36/CPU高21/全景玻璃/八角柱造型/ITX,3690,,2026-09-17 23:30:17
CASE 機殼(+電源),曜越 Thermaltake 機殼,｛曜越 The Tower 250 繡球花藍｝顯卡長36/CPU高21/全景玻璃/八角柱造型/ITX,3690,,2026-09-17 23:30:17
CASE 機殼(+電源),曜越 Thermaltake 機殼,｛曜越 The Tower 300 黑｝顯卡長40/CPU高21/全景玻璃/八角柱造型/支援背插/M-ATX,3990,,2026-09-17 23:30:17
CASE 機殼(+電源),曜越 Thermaltake 機殼,曜越 The Tower 300 黑 /全景玻璃/支援背插/M-ATX + 橫躺展示支架 黑(含下蓋面板),4790,,2026-09-17 23:30:17
CASE 機殼(+電源),曜越 Thermaltake 機殼,｛曜越 The Tower 300 白｝顯卡長40/CPU高21/全景玻璃/八角柱造型/支援背插/M-ATX,3990,,2026-09-17 23:30:17
CASE 機殼(+電源),曜越 Thermaltake 機殼,曜越 The Tower 300 白 /全景玻璃/支援背插/M-ATX + 橫躺展示支架 白(含下蓋面板),4790,,2026-09-17 23:30:17
CASE 機殼(+電源),曜越 Thermaltake 機殼,｛曜越 The Tower 300 抹茶綠｝顯卡長40/CPU高21/全景玻璃/八角柱造型/支援背插/M-ATX,4290,,2026-09-17 23:30:17
CASE 機殼(+電源),曜越 Thermaltake 機殼,｛曜越 The Tower 300 繡球花藍｝顯卡長40/U高21/全景玻璃/八角柱造型/支援背插/M-ATX,4290,,2026-09-17 23:30:17
CASE 機殼(+電源),曜越 Thermaltake 機殼,｛曜越 The Tower 300 泡泡粉｝顯卡長40/CPU高21/全景玻璃/八角柱造型/支援背插/M-ATX,4290,,2026-09-17 23:30:17
CASE 機殼(+電源),曜越 Thermaltake 機殼,｛曜越 The Tower 600 黑｝顯卡28(40)/CPU高21/全景直立式/三面玻璃/支援背插(限ATX),4890,,2026-09-17 23:30:17
CASE 機殼(+電源),曜越 Thermaltake 機殼,｛曜越 The Tower 600 白｝顯卡28(40)/CPU高21/全景直立式/三面玻璃/支援背插(限ATX),4890,,2026-09-17 23:30:17
CASE 機殼(+電源),曜越 Thermaltake 機殼,｛曜越 The Tower 600 抹茶綠｝顯卡28(40)/U高21/全景直立/三面玻璃/支援背插(限ATX),4890,,2026-09-17 23:30:17
CASE 機殼(+電源),曜越 Thermaltake 機殼,｛曜越 The Tower 600 繡球花藍｝顯卡28(40)/U高21/全景直立/三面玻璃/支援背插(限ATX),4890,,2026-09-17 23:30:17
CASE 機殼(+電源),DEEPCOOL 九州風神,｛DEEPCOOL CC310｝顯卡28/U高16/透氣柵格面板/M-ATX 送九州風神 AG400 散熱器！,990,,2026-09-17 23:30:17
CASE 機殼(+電源),DEEPCOOL 九州風神,｛DEEPCOOL CH260 黑｝顯卡長41.3/CPU高17.4/玻璃透側/支援背插/M-ATX,1890,,2026-09-17 23:30:17
CASE 機殼(+電源),DEEPCOOL 九州風神,｛DEEPCOOL CH260 白｝顯卡長41.3/CPU高17.4/玻璃透側/支援背插/M-ATX,1990,,2026-09-17 23:30:17
CASE 機殼(+電源),DEEPCOOL 九州風神,｛DEEPCOOL CH260 WOOD 黑｝顯卡長41.3/CPU高17.4/玻璃透側/背插/M-ATX,2190,,2026-09-17 23:30:17
CASE 機殼(+電源),DEEPCOOL 九州風神,｛DEEPCOOL CH260 WOOD 白｝顯卡長41.3/CPU高17.4/玻璃透側/背插/M-ATX,2290,,2026-09-17 23:30:17
CASE 機殼(+電源),DEEPCOOL 九州風神,｛DEEPCOOL CH270 DIGITAL 白｝顯卡長41.3/U高17.4/數位監控底座/支援背插/M-ATX,2790,,2026-09-17 23:30:17
CASE 機殼(+電源),DEEPCOOL 九州風神,｛DEEPCOOL CG380 3F 黑｝顯卡長41/CPU高17.6/全景玻璃透側/支援背插/M-ATX,1690,,2026-09-17 23:30:17
CASE 機殼(+電源),DEEPCOOL 九州風神,｛DEEPCOOL CG380 3F 白｝顯卡長41/CPU高17.6/全景玻璃透側/支援背插/M-ATX,1790,,2026-09-17 23:30:17
CASE 機殼(+電源),DEEPCOOL 九州風神,｛DEEPCOOL CG530 4F 黑｝顯卡41/CPU高16/全景玻璃透側/支援背插/分艙設計/ATX,1990,,2026-09-17 23:30:17
CASE 機殼(+電源),DEEPCOOL 九州風神,｛DEEPCOOL CG530 4F 白｝顯卡41/CPU高16/全景玻璃透側/支援背插/分艙設計/ATX,2090,,2026-09-17 23:30:17
CASE 機殼(+電源),DEEPCOOL 九州風神,｛DEEPCOOL MORPHEUS(墨菲斯) 黑｝卡48/U高19.5/PCIe4.0/溫度顯示/玻璃透側/E-ATX,5690,,2026-09-17 23:30:17
CASE 機殼(+電源),DEEPCOOL 九州風神,｛DEEPCOOL MORPHEUS(墨菲斯) 白｝卡48/U高19.5/PCIe4.0/溫度顯示/玻璃透側/E-ATX,5990,,2026-09-17 23:30:17
CASE 機殼(+電源),保銳 ENERMAX 機殼,｛保銳 Enclave A31黑｝-脈衝 顯卡長42.5/U高18/全景玻璃透側/獨立TypeC 45W快充/ATX,1690,,2026-09-17 23:30:17
CASE 機殼(+電源),保銳 ENERMAX 機殼,｛保銳 Enclave A31白｝-脈衝 顯卡長42.5/U高18/全景玻璃透側/獨立TypeC 45W快充/ATX,1790,,2026-09-17 23:30:17
CASE 機殼(+電源),保銳 ENERMAX 機殼,｛保銳 Enclave A41黑｝-脈動 顯卡長41.5/CPU高16/全景曲面玻璃/分艙/溫度警示/ATX,2490,,2026-09-17 23:30:17
CASE 機殼(+電源),保銳 ENERMAX 機殼,｛保銳 Enclave A41白｝-脈動 顯卡長41.5/CPU高16/全景曲面玻璃/分艙/溫度警示/ATX,2590,,2026-09-17 23:30:17
CASE 機殼(+電源),迎廣 InWin 機殼,｛迎廣 Chopin 蕭邦 Max 銀｝內附200W 金牌電源 /CPU高5.4/ITX,3650,,2026-09-17 23:30:17
CASE 機殼(+電源),迎廣 InWin 機殼,｛迎廣 PRISM 黑｝顯卡長43.5/CPU高17.5/鏡面玻璃透側/支援背插/ATX,3490,,2026-09-17 23:30:17
CASE 機殼(+電源),迎廣 InWin 機殼,｛迎廣 PRISM 白｝顯卡長43.5/CPU高17.5/玻璃透側/支援背插/ATX,3490,,2026-09-17 23:30:17
CASE 機殼(+電源),迎廣 InWin 機殼,｛迎廣 L50 BREEZE｝顯卡長43.5/CPU高17.5/長虹玻璃面板/支援背插(限ATX)/E-ATX,2390,,2026-09-17 23:30:17
CASE 機殼(+電源),迎廣 InWin 機殼,｛迎廣 W31｝顯卡長41/CPU高16/全景曲面玻璃/分艙設計/支援背插(限ATX),2590,,2026-09-17 23:30:17
CASE 機殼(+電源),迎廣 InWin 機殼,｛迎廣 W50｝顯卡長43.5/CPU高17.5/鏡面拼接W造型側板/支援背插(限ATX),3290,,2026-09-17 23:30:17
CASE 機殼(+電源),迎廣 InWin 機殼,｛迎廣 A3 黑｝顯卡長34/CPU高16.2/玻璃透側/垂直風道/M-ATX,1990,,2026-09-17 23:30:17
CASE 機殼(+電源),迎廣 InWin 機殼,｛迎廣 A3 白｝顯卡長34/CPU高16.2/玻璃透側/垂直風道/M-ATX,1990,,2026-09-17 23:30:17
CASE 機殼(+電源),迎廣 InWin 機殼,｛迎廣 A5 黑｝顯卡長34/CPU高16.2/玻璃透側/垂直風道/E-ATX,2090,,2026-09-17 23:30:17
CASE 機殼(+電源),迎廣 InWin 機殼,｛迎廣 A5 白｝顯卡長34/CPU高16.2/玻璃透側/垂直風道/E-ATX,2090,,2026-09-17 23:30:17
CASE 機殼(+電源),迎廣 InWin 機殼,｛迎廣 F3 黑｝顯卡長34/CPU高16/玻璃透側/支援背插/M-ATX,2890,,2026-09-17 23:30:17
CASE 機殼(+電源),迎廣 InWin 機殼,｛迎廣 F3 白｝顯卡長34/CPU高16/玻璃透側/支援背插/M-ATX,3190,,2026-09-17 23:30:17
CASE 機殼(+電源),迎廣 InWin 機殼,｛迎廣 F5 黑｝顯卡長43.5/CPU高18/玻璃透側/支援背插(限ATX)/E-ATX,3990,,2026-09-17 23:30:17
CASE 機殼(+電源),迎廣 InWin 機殼,｛迎廣 F5 白｝顯卡長43.5/CPU高18/玻璃透側/支援背插(限ATX)/E-ATX,4290,,2026-09-17 23:30:17
CASE 機殼(+電源),迎廣 InWin 機殼,｛迎廣 COVALENT｝全塔式機殼 顯卡長48/CPU高19/玻璃透側/支援*8 PCI/支援背插/EEB,3990,,2026-09-17 23:30:17
CASE 機殼(+電源),迎廣 InWin 機殼,｛迎廣 DLITE 摩卡棕｝顯卡長38/CPU高16.5/波浪紋網孔面板/玻璃透側/支援背插/ATX,2990,,2026-09-17 23:30:17
CASE 機殼(+電源),迎廣 InWin 機殼,｛迎廣 DLITE 丁香紫｝顯卡長38/CPU高16.5/波浪紋網孔面板/玻璃透側/支援背插/ATX,2990,,2026-09-17 23:30:17
CASE 機殼(+電源),迎廣 InWin 機殼,｛迎廣 DUBILI 鈦灰｝顯卡長43/CPU高16/鋁合金/玻璃透側/E-ATX,6790,客訂,2026-09-17 23:30:17
CASE 機殼(+電源),迎廣 InWin 機殼,｛迎廣 DUBILI 奶油香檳｝顯卡長43/CPU高16/鋁合金/玻璃透側/E-ATX,6790,客訂,2026-09-17 23:30:17
CASE 機殼(+電源),恩傑 NZXT 機殼,｛NZXT H3 Flow 黑｝顯卡長37.7/CPU高17/玻璃透側/支援背插/M-ATX(H31FB-01),1990,,2026-09-17 23:30:17
CASE 機殼(+電源),恩傑 NZXT 機殼,｛NZXT H3 Flow 白｝顯卡長37.7/CPU高17/玻璃透側/支援背插/M-ATX(H31FW-01),1990,,2026-09-17 23:30:17
CASE 機殼(+電源),恩傑 NZXT 機殼,｛NZXT H5 Flow(2024) 黑｝顯卡長41/CPU高17/玻璃透側/E-ATX(H52FB-01),2490,,2026-09-17 23:30:17
CASE 機殼(+電源),恩傑 NZXT 機殼,｛NZXT H5 Flow(2024) 白｝顯卡長41/CPU高17/玻璃透側/E-ATX(H52FW-01),2490,,2026-09-17 23:30:17
CASE 機殼(+電源),恩傑 NZXT 機殼,｛NZXT H6 Flow 黑｝顯卡36.5/CPU高16.3/全景玻璃/傾斜前風扇/分艙/ATX(H61FB-01)▼下殺到 9/30 20:00,3490,,2026-09-17 23:30:17
CASE 機殼(+電源),恩傑 NZXT 機殼,NZXT H6 Flow 黑 /全景玻璃/傾斜前風扇/ATX + NZXT Kraken Core 360 RGB 水冷散熱器,5990,,2026-09-17 23:30:17
CASE 機殼(+電源),恩傑 NZXT 機殼,｛NZXT H7 Flow(2024) 黑｝顯卡長41/CPU高18.5/玻璃透側/E-ATX(H72FB-01),4290,,2026-09-17 23:30:17
CASE 機殼(+電源),恩傑 NZXT 機殼,｛NZXT H7 Flow(2024) 白｝顯卡長41/CPU高18.5/玻璃透側/E-ATX(H72FW-01),4290,,2026-09-17 23:30:17
CASE 機殼(+電源),恩傑 NZXT 機殼,｛NZXT H7 Flow RGB(2024) 黑｝顯卡長41/CPU高18.5/玻璃透側/E-ATX(H72FB-R1),5290,,2026-09-17 23:30:17
CASE 機殼(+電源),恩傑 NZXT 機殼,｛NZXT H7 Flow RGB(2024) 白｝顯卡長41/CPU高18.5/玻璃透側/E-ATX(H72FW-R1),5290,,2026-09-17 23:30:17
CASE 機殼(+電源),恩傑 NZXT 機殼,｛NZXT H9 Flow(2025) 黑｝顯卡43.5/U高16.5/玻璃透側/分艙設計/背插(限ATX)(H92FB-01),5590,,2026-09-17 23:30:17
CASE 機殼(+電源),恩傑 NZXT 機殼,｛NZXT H9 Flow(2025) 白｝顯卡43.5/U高16.5/玻璃透側/分艙設計/背插(限ATX)(H92FW-01),5590,,2026-09-17 23:30:17
CASE 機殼(+電源),全漢 FSP 機殼,｛全漢 S110-B｝顯卡長28.5/CPU高16/網狀面板/簡約設計/M-ATX,790,,2026-09-17 23:30:17
CASE 機殼(+電源),全漢 FSP 機殼,｛全漢 S380-BA 黑｝顯卡長44.5/CPU高16/分艙設計/全景玻璃透側/M-ATX,1690,,2026-09-17 23:30:17
CASE 機殼(+電源),全漢 FSP 機殼,｛全漢 S380-WA 白｝顯卡長44.5/CPU高16/分艙設計/全景玻璃透側/M-ATX,1790,,2026-09-17 23:30:17
CASE 機殼(+電源),全漢 FSP 機殼,｛全漢 M320-BA 黑｝顯卡長42.5/CPU高17/玻璃透側/E-ATX,1690,,2026-09-17 23:30:17
CASE 機殼(+電源),全漢 FSP 機殼,｛全漢 M320-WA 白｝顯卡長42.5/CPU高17/玻璃透側/E-ATX,1690,,2026-09-17 23:30:17
CASE 機殼(+電源),全漢 FSP 機殼,｛全漢 M580 PRO-BA 黑｝顯卡44.5/U高16/全景曲面玻璃/數顯後風扇/背插/分艙/ATX,3290,,2026-09-17 23:30:17
CASE 機殼(+電源),全漢 FSP 機殼,｛全漢 M580 PRO-WA 白｝顯卡44.5/U高16/全景曲面玻璃/數顯後風扇/背插/分艙/ATX,3290,,2026-09-17 23:30:17
CASE 機殼(+電源),全漢 FSP 機殼,｛全漢 CST130 Basic 黑｝顯卡長30/CPU高16.5/壓克力透側/M-ATX,1090,,2026-09-17 23:30:17
CASE 機殼(+電源),全漢 FSP 機殼,｛全漢 CST130 Basic 白｝顯卡長30/CPU高16.5/壓克力透側/M-ATX,1190,,2026-09-17 23:30:17
CASE 機殼(+電源),全漢 FSP 機殼,｛全漢 CST351｝顯卡長33.6/CPU高13.8/底部ARGB氣氛燈/前置Type-C/ITX【SFX】,990,,2026-09-17 23:30:17
CASE 機殼(+電源),全漢 FSP 機殼,全漢 CST351 顯卡長33.6/CPU高13.8/ITX + 全漢 金鋼彈 650W/金牌(SFX) 現省,790,,2026-09-17 23:30:17
CASE 機殼(+電源),全漢 FSP 機殼,｛全漢 CMT195B 黑｝顯卡長34/CPU高16/鑽切造型面板/壓克力透側/ATX,990,,2026-09-17 23:30:17
CASE 機殼(+電源),全漢 FSP 機殼,｛全漢 CMT195W 白｝顯卡長34/CPU高16/鑽切造型面板/壓克力透側/ATX,1090,,2026-09-17 23:30:17
CASE 機殼(+電源),全漢 FSP 機殼,｛全漢 CMT223S｝靜音機殼 顯卡長30/CPU高16/內建4風扇/ATX,1590,,2026-09-17 23:30:17
CASE 機殼(+電源),全漢 FSP 機殼,｛全漢 U500-B｝顯卡長42/CPU高18/雙顯卡支架/支援*9 PCI slot/E-ATX,3990,,2026-09-17 23:30:17
CASE 機殼(+電源),聯力工業 LIAN LI 機殼,｛聯力 A4-H2O 黑｝PCIe 5.0/顯卡長32.2/CPU高5.5/鋁合金/ITX【SFX】,4700,,2026-09-17 23:30:17
CASE 機殼(+電源),聯力工業 LIAN LI 機殼,｛聯力 A4-H2O 銀｝PCIe 5.0/顯卡長32.2/CPU高5.5/鋁合金/ITX【SFX】,4700,,2026-09-17 23:30:17
CASE 機殼(+電源),聯力工業 LIAN LI 機殼,｛聯力 A3-mATX 黑｝顯卡長41.5/CPU高16.5/3面網孔/含顯卡支架/M-ATX,1899,,2026-09-17 23:30:17
CASE 機殼(+電源),聯力工業 LIAN LI 機殼,｛聯力 A3-mATX 白｝顯卡長41.5/CPU高16.5/3面網孔/含顯卡支架/M-ATX,1899,,2026-09-17 23:30:17
CASE 機殼(+電源),聯力工業 LIAN LI 機殼,｛聯力 A3-mATX 實木黑｝顯卡長41.5/CPU高16.5/3面網孔/含顯卡支架/M-ATX,2369,,2026-09-17 23:30:17
CASE 機殼(+電源),聯力工業 LIAN LI 機殼,｛聯力 A3-mATX 實木白｝顯卡長41.5/CPU高16.5/3面網孔/含顯卡支架/M-ATX,2369,,2026-09-17 23:30:17
CASE 機殼(+電源),聯力工業 LIAN LI 機殼,｛聯力 B4 m-ATX 黑｝卡35.8/CPU高16.8/ATX電源(≦14cm)/雙向擺放/M-ATX【建議SFX】,1899,,2026-09-17 23:30:17
CASE 機殼(+電源),聯力工業 LIAN LI 機殼,｛聯力 B4 m-ATX 白｝卡35.8/CPU高16.8/ATX電源(≦14cm)/雙向擺放/M-ATX【建議SFX】,1899,,2026-09-17 23:30:17
CASE 機殼(+電源),聯力工業 LIAN LI 機殼,｛聯力 B4 m-ATX 實木黑｝卡35.8/U高16.8/ATX電源(≦14cm)/雙向擺放/M-ATX【建議SFX】,2369,,2026-09-17 23:30:17
CASE 機殼(+電源),聯力工業 LIAN LI 機殼,｛聯力 B4 m-ATX 實木白｝卡35.8/U高16.8/ATX電源(≦14cm)/雙向擺放/M-ATX【建議SFX】,2369,,2026-09-17 23:30:17
CASE 機殼(+電源),聯力工業 LIAN LI 機殼,"｛聯力 Vector V100R MINI｝顯卡41.5/U高16.3/全景玻璃/內建燈條,顯卡支架/背插/M-ATX",1590,,2026-09-17 23:30:17
CASE 機殼(+電源),聯力工業 LIAN LI 機殼,｛聯力 Vector V150 INF｝顯卡長40/CPU高16.3/玻璃開孔面板+透側/支援背插/M-ATX,2499,,2026-09-17 23:30:17
CASE 機殼(+電源),聯力工業 LIAN LI 機殼,｛聯力 LANCOOL 216 RGB 黑｝顯卡長39.2/CPU高18/含磁吸前濾網/玻璃透側/E-ATX,2700,,2026-09-17 23:30:17
CASE 機殼(+電源),聯力工業 LIAN LI 機殼,｛聯力 LANCOOL 216 RGB 白｝顯卡長39.2/CPU高18/含磁吸前濾網/玻璃透側/E-ATX,2900,,2026-09-17 23:30:17
CASE 機殼(+電源),聯力工業 LIAN LI 機殼,｛聯力 LANCOOL 217 黑｝顯卡38/CPU高18/玻璃透側/木質裝飾/支援背插/E-ATX(EEB),3490,,2026-09-17 23:30:17
CASE 機殼(+電源),聯力工業 LIAN LI 機殼,｛聯力 LANCOOL 217 白｝顯卡38/CPU高18/玻璃透側/木質裝飾/支援背插/E-ATX(EEB),3690,,2026-09-17 23:30:17
CASE 機殼(+電源),聯力工業 LIAN LI 機殼,｛聯力 LANCOOL 217 INF 黑｝顯卡38/U高18/玻璃開孔面板+透側/支援背插/E-ATX(EEB),3650,,2026-09-17 23:30:17
CASE 機殼(+電源),聯力工業 LIAN LI 機殼,｛聯力 LANCOOL 217 INF 白｝顯卡38/U高18/玻璃開孔面板+透側/支援背插/E-ATX(EEB),3850,,2026-09-17 23:30:17
CASE 機殼(+電源),聯力工業 LIAN LI 機殼,｛聯力 O11 Vision-M 黑｝顯卡長41/CPU高16.2/三面全景玻璃/分艙設計/M-ATX,2499,,2026-09-17 23:30:17
CASE 機殼(+電源),聯力工業 LIAN LI 機殼,｛聯力 O11 Vision-M 白｝顯卡長41/CPU高16.2/三面全景玻璃/分艙設計/M-ATX,2699,,2026-09-17 23:30:17
CASE 機殼(+電源),聯力工業 LIAN LI 機殼,｛聯力 O11 Vision-M 數位版 黑｝顯卡41/U高16.2/9.2吋LCD/三面全景玻璃/分艙/M-ATX,4199,,2026-09-17 23:30:17
CASE 機殼(+電源),聯力工業 LIAN LI 機殼,｛聯力 O11 Vision-M 數位版 白｝顯卡41/U高16.2/9.2吋LCD/三面全景玻璃/分艙/M-ATX,4399,,2026-09-17 23:30:17
CASE 機殼(+電源),聯力工業 LIAN LI 機殼,｛聯力 O11 Vision Compact 黑｝卡40.8/U高16.4/雙頂蓋模式/全景玻璃/支援背插(限ATX),3599,,2026-09-17 23:30:17
CASE 機殼(+電源),聯力工業 LIAN LI 機殼,｛聯力 O11 Vision Compact 白｝卡40.8/U高16.4/雙頂蓋模式/全景玻璃/支援背插(限ATX),3599,,2026-09-17 23:30:17
CASE 機殼(+電源),聯力工業 LIAN LI 機殼,｛聯力 O11 Dynamic Mini V2 黑｝卡40/U高16/全景玻璃/無風扇/僅支援5slots/背插(限ATX),2699,,2026-09-17 23:30:17
CASE 機殼(+電源),聯力工業 LIAN LI 機殼,｛聯力 O11 Dynamic Mini V2 白｝卡40/U高16/全景玻璃/無風扇/僅支援5slots/背插(限ATX),2699,,2026-09-17 23:30:17
CASE 機殼(+電源),聯力工業 LIAN LI 機殼,｛聯力 O11 Dynamic Mini V2 Flow 黑｝卡40/U16/全景玻璃/5風扇/僅支援5slots/背插(限ATX),2999,,2026-09-17 23:30:17
CASE 機殼(+電源),聯力工業 LIAN LI 機殼,｛聯力 O11 Dynamic Mini V2 Flow 白｝卡40/U16/全景玻璃/5風扇/僅支援5slots/背插(限ATX),2999,,2026-09-17 23:30:17
CASE 機殼(+電源),聯力工業 LIAN LI 機殼,｛聯力 O11 Dynamic EVO RGB 黑｝顯卡45.5/U高16.7/頂底部L型燈條/全景玻璃/E-ATX,4800,,2026-09-17 23:30:17
CASE 機殼(+電源),聯力工業 LIAN LI 機殼,｛聯力 O11 Dynamic EVO RGB 白｝顯卡45.5/U高16.7/頂底部L型燈條/全景玻璃/E-ATX,5100,,2026-09-17 23:30:17
CASE 機殼(+電源),聯力工業 LIAN LI 機殼,｛聯力 O11 Dynamic EVO XL 黑｝顯卡46/CPU高16.7/雙向翻轉設計/玻璃透側/E-ATX,7200,,2026-09-17 23:30:17
CASE 機殼(+電源),聯力工業 LIAN LI 機殼,｛聯力 O11 Dynamic EVO XL 白｝顯卡46/CPU高16.7/雙向翻轉設計/玻璃透側/E-ATX,7500,,2026-09-17 23:30:17
CASE 機殼(+電源),創氪星系 TRYX,｛TRYX FLOVA F50 黑｝顯卡(36~42)/U高17/玻璃透側/布面織材/貫流風機/背插(限ATX),5690,,2026-09-17 23:30:17
CASE 機殼(+電源),創氪星系 TRYX,｛TRYX FLOVA F50 白｝顯卡(36~42)/U高17/玻璃透側/布面織材/貫流風機/背插(限ATX),5690,,2026-09-17 23:30:17
CASE 機殼(+電源),創氪星系 TRYX,｛TRYX FLOVA F50 粉｝顯卡長(36~42)/U高17/玻璃透側/布面織材/貫流風機/背插(限ATX),5690,,2026-09-17 23:30:17
CASE 機殼(+電源),創氪星系 TRYX,｛TRYX LUCA L70 黑｝顯卡46/U高17/鋁合金框架/全景玻璃/支援背插/E-ATX,7990,客訂,2026-09-17 23:30:17
CASE 機殼(+電源),創氪星系 TRYX,｛TRYX LUCA L70 白｝顯卡46/U高17/鋁合金框架/全景玻璃/支援背插/E-ATX,7990,客訂,2026-09-17 23:30:17
CASE 機殼(+電源),喬思伯 JONSBO 機殼,｛喬思伯 N3｝顯卡長25/CPU高13/3.5*8 硬碟位/NAS推薦/上下分艙/ITX【SFX】,3990,,2026-09-17 23:30:17
CASE 機殼(+電源),喬思伯 JONSBO 機殼,｛喬思伯 N4 黑｝顯卡長23(Low Profile)/U高7/硬碟位3.5*6+2.5*2/NAS推薦/M-ATX【SFX】,2990,,2026-09-17 23:30:17
CASE 機殼(+電源),喬思伯 JONSBO 機殼,｛喬思伯 N4 白｝顯卡長23(Low Profile)/U高7/硬碟位3.5*6+2.5*2/NAS推薦/M-ATX【SFX】,2990,,2026-09-17 23:30:17
CASE 機殼(+電源),喬思伯 JONSBO 機殼,｛喬思伯 N5｝顯卡長35/CPU高16/3.5*12 硬碟位/NAS推薦/上下分艙/E-ATX,5990,,2026-09-17 23:30:17
CASE 機殼(+電源),喬思伯 JONSBO 機殼,｛喬思伯 N6 黑｝顯卡長(27.5~32)/CPU高6.5/3.5*9 硬碟位/NAS推薦/上下分艙/M-ATX,3990,,2026-09-17 23:30:17
CASE 機殼(+電源),喬思伯 JONSBO 機殼,｛喬思伯 C6 黑｝顯卡長(20~25.5)/CPU高7.5/4面網孔/M-ATX,1190,,2026-09-17 23:30:17
CASE 機殼(+電源),喬思伯 JONSBO 機殼,｛喬思伯 C6 白｝顯卡長(20~25.5)/CPU高7.5/4面網孔/M-ATX,1190,,2026-09-17 23:30:17
CASE 機殼(+電源),喬思伯 JONSBO 機殼,｛喬思伯 C6 MAX 黑｝顯卡長(30~33.5)/CPU高17/玻璃透側/自帶提把/M-ATX,1490,,2026-09-17 23:30:17
CASE 機殼(+電源),喬思伯 JONSBO 機殼,｛喬思伯 C6 MAX 白｝顯卡長(30~33.5)/CPU高17/玻璃透側/自帶提把/M-ATX,1490,,2026-09-17 23:30:17
CASE 機殼(+電源),喬思伯 JONSBO 機殼,｛喬思伯 D31 Mesh 黑｝顯卡長(33~40)/CPU高16.8/玻璃透側/M-ATX,1590,,2026-09-17 23:30:17
CASE 機殼(+電源),喬思伯 JONSBO 機殼,｛喬思伯 D31 Mesh 白｝顯卡長(33~40)/CPU高16.8/玻璃透側/M-ATX,1590,,2026-09-17 23:30:17
CASE 機殼(+電源),喬思伯 JONSBO 機殼,｛喬思伯 D32 Pro Mesh 黑｝顯卡36.5/CPU高(16.3~16.9)/網孔側板/背插(B模式)/M-ATX,2190,,2026-09-17 23:30:17
CASE 機殼(+電源),喬思伯 JONSBO 機殼,｛喬思伯 D32 Pro Mesh 白｝顯卡36.5/CPU高(16.3~16.9)/網孔側板/背插(B模式)/M-ATX,2190,,2026-09-17 23:30:17
CASE 機殼(+電源),喬思伯 JONSBO 機殼,｛喬思伯 D32 Pro 黑｝顯卡36.5/CPU高(16.3~16.9)/玻璃透側/支援背插(B模式)/M-ATX,2190,,2026-09-17 23:30:17
CASE 機殼(+電源),喬思伯 JONSBO 機殼,｛喬思伯 D32 Pro 白｝顯卡36.5/CPU高(16.3~16.9)/玻璃透側/支援背插(B模式)/M-ATX,2190,,2026-09-17 23:30:17
CASE 機殼(+電源),喬思伯 JONSBO 機殼,｛喬思伯 D33 WOOD 黑｝顯卡長43.5/CPU高17.2/玻璃透側/支援背插/M-ATX,3190,,2026-09-17 23:30:17
CASE 機殼(+電源),喬思伯 JONSBO 機殼,｛喬思伯 D33 WOOD 白｝顯卡長43.5/CPU高17.2/玻璃透側/支援背插/M-ATX,3190,,2026-09-17 23:30:17
CASE 機殼(+電源),喬思伯 JONSBO 機殼,｛喬思伯 D34 黑｝顯卡長33.3/CPU高16.5/全景玻璃透側/支援背插/監控面板/M-ATX,3290,,2026-09-17 23:30:17
CASE 機殼(+電源),喬思伯 JONSBO 機殼,｛喬思伯 D34 白｝顯卡長33.3/CPU高16.5/全景玻璃透側/支援背插/監控面板/M-ATX,3290,,2026-09-17 23:30:17
CASE 機殼(+電源),喬思伯 JONSBO 機殼,｛喬思伯 Z20 黑｝顯卡長36.3/CPU高16.3/玻璃透側/M-ATX【建議SFX】,2690,,2026-09-17 23:30:17
CASE 機殼(+電源),喬思伯 JONSBO 機殼,｛喬思伯 Z20 白｝顯卡長36.3/CPU高16.3/玻璃透側/M-ATX【建議SFX】,2690,,2026-09-17 23:30:17
CASE 機殼(+電源),喬思伯 JONSBO 機殼,｛喬思伯 Z20 拼色版 黑橘｝顯卡長36.3/CPU高16.3/玻璃透側/M-ATX【建議SFX】,2690,,2026-09-17 23:30:17
CASE 機殼(+電源),喬思伯 JONSBO 機殼,｛喬思伯 Z20 拼色版 白粉｝顯卡長36.3/CPU高16.3/玻璃透側/M-ATX【建議SFX】,2990,,2026-09-17 23:30:17
CASE 機殼(+電源),喬思伯 JONSBO 機殼,｛喬思伯 D200 黑｝顯卡長41/CPU高17.1/全景曲面玻璃/面板溫度顯示/M-ATX,1990,,2026-09-17 23:30:17
CASE 機殼(+電源),喬思伯 JONSBO 機殼,｛喬思伯 D200 白｝顯卡長41/CPU高17.1/全景曲面玻璃/面板溫度顯示/M-ATX,1990,,2026-09-17 23:30:17
CASE 機殼(+電源),喬思伯 JONSBO 機殼,｛喬思伯 D300(TW) 黑｝顯卡長43/U高18/SL-120風扇*4/全景曲面玻璃/支援背插/M-ATX,2690,,2026-09-17 23:30:17
CASE 機殼(+電源),喬思伯 JONSBO 機殼,｛喬思伯 D300(TW) 白｝顯卡長43/U高18/SL-120風扇*4/全景曲面玻璃/支援背插/M-ATX,2690,,2026-09-17 23:30:17
CASE 機殼(+電源),喬思伯 JONSBO 機殼,｛喬思伯 D400(TW) 黑｝顯卡45/CPU高16.9/SL-120風扇*4/全景曲面玻璃/支援背插/ATX,2990,,2026-09-17 23:30:17
CASE 機殼(+電源),喬思伯 JONSBO 機殼,｛喬思伯 D400(TW) 白｝顯卡45/CPU高16.9/SL-120風扇*4/全景曲面玻璃/支援背插/ATX,2990,,2026-09-17 23:30:17
CASE 機殼(+電源),喬思伯 JONSBO 機殼,｛喬思伯 TK-0 黑｝顯卡長23/CPU高13.7/雙折彎環形玻璃/胡桃木面板/ITX【SFX】,3690,,2026-09-17 23:30:17
CASE 機殼(+電源),喬思伯 JONSBO 機殼,｛喬思伯 TK-0 白｝顯卡長23/CPU高13.7/雙折彎環形玻璃/胡桃木面板/ITX【SFX】,3690,,2026-09-17 23:30:17
CASE 機殼(+電源),喬思伯 JONSBO 機殼,｛喬思伯 TK-1 黑｝顯卡長28/CPU高16.5/雙折彎環形玻璃/支援背插/M-ATX,3990,,2026-09-17 23:30:17
CASE 機殼(+電源),喬思伯 JONSBO 機殼,｛喬思伯 TK-1 白｝顯卡長28/CPU高16.5/雙折彎環形玻璃/支援背插/M-ATX,3990,,2026-09-17 23:30:17
CASE 機殼(+電源),喬思伯 JONSBO 機殼,｛喬思伯 TK-2 V2 黑｝顯卡長40.5/CPU高16.5/雙折彎環形玻璃/ATX,4190,,2026-09-17 23:30:17
CASE 機殼(+電源),喬思伯 JONSBO 機殼,｛喬思伯 TK-2 V2 白｝顯卡長40.5/CPU高16.5/雙折彎環形玻璃/ATX,4190,,2026-09-17 23:30:17
CASE 機殼(+電源),喬思伯 JONSBO 機殼,｛喬思伯 TK-3(TW) 黑｝顯卡長42/U高16.5/SL-120風扇*4/全景曲面玻璃/分艙設計/ATX,2990,,2026-09-17 23:30:17
CASE 機殼(+電源),喬思伯 JONSBO 機殼,｛喬思伯 TK-5 黑｝顯卡長46/CPU高18/雙折彎環形玻璃/支援背插/ATX,3990,,2026-09-17 23:30:17
CASE 機殼(+電源),喬思伯 JONSBO 機殼,｛喬思伯 TK-5 白｝顯卡長46/CPU高18/雙折彎環形玻璃/支援背插/ATX,3690,,2026-09-17 23:30:17
CASE 機殼(+電源),喬思伯 JONSBO 機殼,｛喬思伯 T9 黑｝顯卡長31/CPU高(5.8~7.8)/PCIe5.0線/胡桃木底座/鋁合金外殼/ITX【SFX】,5490,,2026-09-17 23:30:17
CASE 機殼(+電源),喬思伯 JONSBO 機殼,｛喬思伯 T9 銀｝顯卡長31/CPU高(5.8~7.8)/PCIe5.0線/胡桃木底座/鋁合金外殼/ITX【SFX】,5490,,2026-09-17 23:30:17
CASE 機殼(+電源),喬思伯 JONSBO 機殼,｛喬思伯 V12 黑｝顯卡長26/CPU高14/全景曲面玻璃上蓋/胡桃木飾板/分艙設計/M-ATX,3990,,2026-09-17 23:30:17
CASE 機殼(+電源),喬思伯 JONSBO 機殼,｛喬思伯 V12 白｝顯卡長26/CPU高14/全景曲面玻璃上蓋/胡桃木飾板/分艙設計/M-ATX,3990,,2026-09-17 23:30:17
CASE 機殼(+電源),喬思伯 JONSBO 機殼,｛喬思伯 X400 鈦灰｝顯卡長42.7/CPU高17.6/全景玻璃透側/分艙設計/支援背插/ATX,3990,,2026-09-17 23:30:17
CASE 機殼(+電源),喬思伯 JONSBO 機殼,｛喬思伯 X400 銀白｝顯卡長42.7/CPU高17.6/全景玻璃透側/分艙設計/支援背插/ATX,3990,,2026-09-17 23:30:17
電源供應器,特價 or 活動專區,｛XPG CYBERCORE II 1300W｝雙8/白金/全模組/ATX3.0(PCIe 5.0)/10年保 原價,7490,,2026-09-17 23:30:17
電源供應器,特價 or 活動專區,｛XPG CORE REACTOR II VE 750W｝雙8/金牌/全模/ATX3.1(PCIe 5.1)/7年保 原價,3190,,2026-09-17 23:30:17
電源供應器,特價 or 活動專區,｛XPG CORE REACTOR II VE 850W｝雙8/金牌/全模/ATX3.1(PCIe 5.1)/7年保 原價,3490,,2026-09-17 23:30:17
電源供應器,特價 or 活動專區,｛COUGAR ATLAS 750W｝雙8/銅牌/ATX3.1(PCIe 5.1)/主日系/5年保 原價,2090,,2026-09-17 23:30:17
電源供應器,特價 or 活動專區,｛COUGAR GR 750W｝雙8/金牌/全模組/ATX3.1(PCIe 5.1)/主日系/5年保 原價,2990,,2026-09-17 23:30:17
電源供應器,特價 or 活動專區,｛COUGAR GR 850W｝雙8/金牌/全模組/ATX3.1(PCIe 5.1)/主日系/5年保 原價,3290,,2026-09-17 23:30:17
電源供應器,特價 or 活動專區,｛台達 超實在 1100W｝雙8/白金/全模組/ATX3.0(PCIe 5.0)/10年保 原價,6990,,2026-09-17 23:30:17
電源供應器,特價 or 活動專區,｛Apexgaming GTR-750MW(750W) 白色｝雙8/金牌/全模/ATX3.0(PCIe 5.0)/10年 原價,2790,,2026-09-17 23:30:17
電源供應器,特價 or 活動專區,｛Apexgaming GTR-850MW(850W) 白色｝雙8/金牌/全模/ATX3.0(PCIe 5.0)/10年 原價,3090,,2026-09-17 23:30:17
電源供應器,特價 or 活動專區,｛Apexgaming GTR Plus-1000M(1000W)｝雙8/白金/全模/ATX3.1(PCIe 5.1)/10年 原價,5590,,2026-09-17 23:30:17
電源供應器,特價 or 活動專區,｛Apexgaming GTR Plus-1000MW(1000W) 白色｝白金/全模/ATX3.1(PCIe 5.1)10年 原價,5790,,2026-09-17 23:30:17
電源供應器,特規 SFX SFX-L 電源供應器,｛華碩 ROG LOKI 750W｝雙8/白金/ATX3.0(PCIe 5.0)/ARGB風扇/10年保【SFX-L規格】,5990,,2026-09-17 23:30:17
電源供應器,特規 SFX SFX-L 電源供應器,｛華碩 ROG LOKI 850W｝雙8/白金/ATX3.0(PCIe 5.0)/ARGB風扇/10年保【SFX-L規格】,6990,,2026-09-17 23:30:17
電源供應器,特規 SFX SFX-L 電源供應器,｛華碩 ROG LOKI 850W 白色版｝雙8/白金/ATX3.0(PCIe 5.0)/ARGB/10年保【SFX-L規格】,7490,,2026-09-17 23:30:17
電源供應器,特規 SFX SFX-L 電源供應器,｛華碩 ROG LOKI 1000W｝雙8/白金/ATX3.0(PCIe 5.0)/ARGB風扇/10年保【SFX-L規格】,8490,,2026-09-17 23:30:17
電源供應器,特規 SFX SFX-L 電源供應器,｛華碩 ROG LOKI 1200W｝雙8/鈦金/ATX3.1(PCIe 5.0)/ARGB風扇/10年保【SFX-L規格】,9990,,2026-09-17 23:30:17
電源供應器,特規 SFX SFX-L 電源供應器,｛Apexgaming KR-750M(750W)｝雙8/白金/全模/ATX3.0(PCIe 5.0)/全日系/10年【SFX】,3590,,2026-09-17 23:30:17
電源供應器,特規 SFX SFX-L 電源供應器,｛Apexgaming KR-850MW(850W) 白色｝雙8/白金/全模/ATX3.0(PCIe 5.0)/10年【SFX】,4490,,2026-09-17 23:30:17
電源供應器,特規 SFX SFX-L 電源供應器,｛全漢 金鋼彈 650W｝雙8/金牌/全模/全日系/DC-DC/10年保固【SFX規格】,3290,,2026-09-17 23:30:17
電源供應器,特規 SFX SFX-L 電源供應器,｛全漢 金鋼彈 750W ATX3.1(PCIe 5.1)｝雙8/金牌/全模/主日系/10年保【SFX規格】,3990,,2026-09-17 23:30:17
電源供應器,特規 SFX SFX-L 電源供應器,｛全漢 金鋼彈 850W ATX3.1(PCIe 5.1)｝雙8/金牌/全模/主日系/10年保【SFX規格】,4990,,2026-09-17 23:30:17
電源供應器,特規 SFX SFX-L 電源供應器,｛全漢 金鋼彈 850W ATX3.0(PCIe 5.0) 白色｝雙8/金牌/全模/主日系/10年保【SFX規格】,4590,,2026-09-17 23:30:17
電源供應器,特規 SFX SFX-L 電源供應器,｛全漢 DAGGER PM 1200W(MIT)｝雙8/白金/全模/ATX3.1(PCIe 5.1)/主日系/10年【SFX-L】,7990,,2026-09-17 23:30:17
電源供應器,特規 SFX SFX-L 電源供應器,｛銀欣 ST30SF 300W｝銅牌/直出線/5年保 (ST30SF.V2.0)【SFX規格】,1790,,2026-09-17 23:30:17
電源供應器,特規 SFX SFX-L 電源供應器,｛銀欣 ST45SF 450W｝銅牌/直出線/5年保 (ST45SF.V3.0)【SFX規格】,2190,,2026-09-17 23:30:17
電源供應器,特規 SFX SFX-L 電源供應器,｛銀欣 Extreme 550Rz(550W) Gold｝雙8/金牌/全模組/主日系/ATX3.1/5年保【SFX規格】,2490,,2026-09-17 23:30:17
電源供應器,特規 SFX SFX-L 電源供應器,｛銀欣 Extreme 650Rz(650W) Gold｝雙8/金牌/全模組/主日系/ATX3.1/5年保【SFX規格】,2790,,2026-09-17 23:30:17
電源供應器,特規 SFX SFX-L 電源供應器,｛酷碼 V SFX GOLD 850W ATX3.1 黑色｝雙8/金牌/全模組(PCIe 5.1)/10年【SFX規格】,4690,,2026-09-17 23:30:17
電源供應器,特規 SFX SFX-L 電源供應器,｛酷碼 V SFX GOLD 850W ATX3.1 白色｝雙8/金牌/全模組(PCIe 5.1)/10年【SFX規格】,4690,,2026-09-17 23:30:17
電源供應器,華碩 ASUS【0800到府收送】,｛華碩 ROG LOKI 750W｝雙8/白金/ATX3.0(PCIe 5.0)/ARGB風扇/10年保【SFX-L規格】,5990,,2026-09-17 23:30:17
電源供應器,華碩 ASUS【0800到府收送】,｛華碩 ROG LOKI 850W｝雙8/白金/ATX3.0(PCIe 5.0)/ARGB風扇/10年保【SFX-L規格】,6990,,2026-09-17 23:30:17
電源供應器,華碩 ASUS【0800到府收送】,｛華碩 ROG LOKI 850W 白色版｝雙8/白金/ATX3.0(PCIe 5.0)/ARGB/10年保【SFX-L規格】,7490,,2026-09-17 23:30:17
電源供應器,華碩 ASUS【0800到府收送】,｛華碩 ROG LOKI 1000W｝雙8/白金/ATX3.0(PCIe 5.0)/ARGB風扇/10年保【SFX-L規格】,8490,,2026-09-17 23:30:17
電源供應器,華碩 ASUS【0800到府收送】,｛華碩 ROG LOKI 1200W｝雙8/鈦金/ATX3.1(PCIe 5.0)/ARGB風扇/10年保【SFX-L規格】,9990,,2026-09-17 23:30:17
電源供應器,華碩 ASUS【0800到府收送】,｛華碩 PRIME 750W 銅牌 白色版｝雙8/直出線/雙滾珠風扇/壓紋線材/6年保,2390,,2026-09-17 23:30:17
電源供應器,華碩 ASUS【0800到府收送】,｛華碩 TUF GAMING 750W EVO｝雙8/銅牌/全模組/ATX3.1/防潮塗層/6年保,2390,,2026-09-17 23:30:17
電源供應器,華碩 ASUS【0800到府收送】,｛華碩 TUF GAMING 650W Gold EVO｝雙8/金牌/全模組/ATX3.1(PCIe 5.1)/8年保,2790,,2026-09-17 23:30:17
電源供應器,華碩 ASUS【0800到府收送】,｛華碩 TUF GAMING 750W Gold EVO｝雙8/金牌/全模組/ATX3.1(PCIe 5.1)/8年保,3090,,2026-09-17 23:30:17
電源供應器,華碩 ASUS【0800到府收送】,｛華碩 TUF GAMING 850W Gold EVO｝雙8/金牌/全模組/ATX3.1(PCIe 5.1)/8年保,3490,,2026-09-17 23:30:17
電源供應器,華碩 ASUS【0800到府收送】,｛華碩 TUF GAMING 1000W Gold EVO｝金牌/全模/ATX3.1(PCIe 5.1) 送 ESD-A1A(黑)外接盒▼下殺到 9/30 20:00,4390,,2026-09-17 23:30:17
電源供應器,華碩 ASUS【0800到府收送】,｛華碩 TUF GAMING 1200W Gold EVO｝金牌/全模/ATX3.1(PCIe 5.1) 送 ESD-A1A(黑)外接盒▼下殺到 9/30 20:00,4990,,2026-09-17 23:30:17
電源供應器,華碩 ASUS【0800到府收送】,｛華碩 TUF GAMING 1000W Gold｝雙8/金牌/全模組/ATX3.0(PCIe 5.0)/防潮塗層/10年保,4590,,2026-09-17 23:30:17
電源供應器,華碩 ASUS【0800到府收送】,｛華碩 TUF GAMING 850W 白金｝全模組/ATX3.1(PCIe 5.1)/8年 送 ESD-T1A SSD外接盒▼下殺到 9/30 20:00,4390,,2026-09-17 23:30:17
電源供應器,華碩 ASUS【0800到府收送】,｛華碩 TUF GAMING 1000W 白金｝全模組/ATX3.1(PCIe 5.1)/8年 送 ESD-T1A SSD外接盒▼下殺到 9/30 20:00,4990,,2026-09-17 23:30:17
電源供應器,華碩 ASUS【0800到府收送】,｛華碩 TUF GAMING 1200W 白金｝全模組/ATX3.1(PCIe 5.1)/8年 送 ESD-T1A SSD外接盒▼下殺到 9/30 20:00,5990,,2026-09-17 23:30:17
電源供應器,華碩 ASUS【0800到府收送】,｛華碩 ROG STRIX 1000W 白金 ROG Equalizer｝全模/ATX3.1(PCIe 5.1)/智慧停轉/10年保,6490,,2026-09-17 23:30:17
電源供應器,華碩 ASUS【0800到府收送】,｛華碩 ROG STRIX 1000W(白色) 白金 ROG Equalizer｝全模/ATX3.1(PCIe 5.1)/10年保,6590,,2026-09-17 23:30:17
電源供應器,華碩 ASUS【0800到府收送】,｛華碩 ROG STRIX 1200W 白金 ROG Equalizer｝全模/ATX3.1(PCIe 5.1)/智慧停轉/10年保,7490,,2026-09-17 23:30:17
電源供應器,華碩 ASUS【0800到府收送】,｛華碩 ROG THOR III 1000W｝雙8/白金/全模組/OLED監控/ATX3.1(PCIe 5.1)/10年保,10490,,2026-09-17 23:30:17
電源供應器,華碩 ASUS【0800到府收送】,｛華碩 ROG THOR III 1200W(白色) 白金 ROG Equalizer｝全模/OLED/ATX3.1(PCIe 5.1)/10年,14590,,2026-09-17 23:30:17
電源供應器,華碩 ASUS【0800到府收送】,｛華碩 ROG THOR III EVO 1600W｝鈦金/全模/OLED/ATX3.1(雙PCie 5.1/Equalizer線)10年,23990,,2026-09-17 23:30:17
電源供應器,華碩 ASUS【0800到府收送】,｛華碩 ROG THOR III 3000W Edition 20｝鈦金/全模/OLED/ATX3.1(4*PCIe 5/Equalizer線)10年,29990,,2026-09-17 23:30:17
電源供應器,華碩 ASUS【0800到府收送】,｛華碩 Pro WS 2200W｝雙8/白金/全模組/ATX3.1(4*PCIe 5.1)/10年保(限220V T型插座),19990,,2026-09-17 23:30:17
電源供應器,華碩 ASUS【0800到府收送】,｛華碩 Pro WS 3000W｝雙8/白金/全模組/ATX3.1(4*PCIe 5.1)/10年保(限220V T型插座),29990,,2026-09-17 23:30:17
電源供應器,海韻 Seasonic,｛海韻 S12III-500W｝銅牌/智慧溫控風扇/5年保,1550,,2026-09-17 23:30:17
電源供應器,海韻 Seasonic,｛海韻 S12III-550W｝銅牌/智慧溫控風扇/5年保,1690,,2026-09-17 23:30:17
電源供應器,海韻 Seasonic,｛海韻 S12III-650W｝銅牌/智慧溫控風扇/5年保,1850,,2026-09-17 23:30:17
電源供應器,海韻 Seasonic,｛海韻 CORE GX-650 ATX3(650W)｝雙8/金牌/全模組/ATX3.1(PCIe 5.1)/10年保,2990,,2026-09-17 23:30:17
電源供應器,海韻 Seasonic,｛海韻 CORE GX-750 ATX3(750W)｝雙8/金牌/全模組/ATX3.1(PCIe 5.1)/10年保,3290,,2026-09-17 23:30:17
電源供應器,海韻 Seasonic,｛海韻 CORE GX-850 ATX3(850W)｝雙8/金牌/全模組/ATX3.1(PCIe 5.1)/10年保,3790,,2026-09-17 23:30:17
電源供應器,海韻 Seasonic,｛海韻 CORE GX-650 ATX3(650W) 白色版｝雙8/金牌/全模組/ATX3.1(PCIe 5.1)/10年,3090,,2026-09-17 23:30:17
電源供應器,海韻 Seasonic,｛海韻 CORE GX-750 ATX3(750W) 白色版｝雙8/金牌/全模組/ATX3.1(PCIe 5.1)/10年,3390,,2026-09-17 23:30:17
電源供應器,海韻 Seasonic,｛海韻 CORE GX-850 ATX3(850W) 白色版｝雙8/金牌/全模組/ATX3.1(PCIe 5.1)/10年,3890,,2026-09-17 23:30:17
電源供應器,海韻 Seasonic,｛海韻 FOCUS GX-550(550W)｝雙8/金牌/全模組/10年保,2590,,2026-09-17 23:30:17
電源供應器,海韻 Seasonic,｛海韻 FOCUS GX-650(650W)｝雙8/金牌/全模組/10年保,2790,,2026-09-17 23:30:17
電源供應器,海韻 Seasonic,｛海韻 FOCUS GX-750(750W)｝雙8/金牌/全模組/10年保,2990,,2026-09-17 23:30:17
電源供應器,海韻 Seasonic,｛海韻 FOCUS GX-850(850W)｝雙8/金牌/全模組/10年保,3490,,2026-09-17 23:30:17
電源供應器,海韻 Seasonic,｛海韻 FOCUS GX-750 ATX3(750W)｝雙8/金牌/全模組/ATX3.1(PCIe 5.1)/10年保,3790,,2026-09-17 23:30:17
電源供應器,海韻 Seasonic,｛海韻 FOCUS GX-750 ATX3(750W) 白色版｝雙8/金牌/全模組/ATX3.1(PCIe 5.1)/10年保,4090,,2026-09-17 23:30:17
電源供應器,海韻 Seasonic,｛海韻 FOCUS GX-850 ATX3(850W)｝雙8/金牌/全模組/ATX3.1(PCIe 5.1)/10年保,4290,,2026-09-17 23:30:17
電源供應器,海韻 Seasonic,｛海韻 FOCUS GX-850 ATX3(850W) 白色版｝雙8/金牌/全模組/ATX3.1(PCIe 5.1)/10年保,4490,,2026-09-17 23:30:17
電源供應器,海韻 Seasonic,｛海韻 FOCUS GX-1000 ATX3(1000W)｝雙8/金牌/全模組/ATX3.1(PCIe 5.1)/10年保,5490,,2026-09-17 23:30:17
電源供應器,海韻 Seasonic,｛海韻 FOCUS GX-1000 ATX3(1000W)｝白色版 雙8/金牌/全模組/ATX3.1(PCIe 5.1)/10年保,5790,,2026-09-17 23:30:17
電源供應器,海韻 Seasonic,｛海韻 FOCUS PX-850 ATX3.1(850W)｝雙8/白金/全模組/PCIe 5.1/全日系/10年保,4790,,2026-09-17 23:30:17
電源供應器,海韻 Seasonic,｛海韻 FOCUS PX-1000 ATX3.1(1000W)｝雙8/白金/全模組/PCIe 5.1/全日系/10年保,6090,,2026-09-17 23:30:17
電源供應器,海韻 Seasonic,｛海韻 VERTEX GX-1200(1200W)｝雙8/金牌/全模組/ATX3.1(PCIe 5.1)/12年保,6490,,2026-09-17 23:30:17
電源供應器,海韻 Seasonic,｛海韻 VERTEX GX-1200(1200W)｝白色版 雙8/金牌/全模組/ATX3.1(PCIe 5.1)/12年保,6490,,2026-09-17 23:30:17
電源供應器,海韻 Seasonic,｛海韻 VERTEX PX-1200(1200W)｝雙8/白金/全模組/ATX3.1(PCIe 5.1)/12年保,7590,,2026-09-17 23:30:17
電源供應器,海韻 Seasonic,｛海韻 PRIME PX-1600 ATX3.0(1600W)｝雙8/白金/全模組/雙PCIe 5.1/12年保,16490,,2026-09-17 23:30:17
電源供應器,海韻 Seasonic,｛海韻 PRIME PX-2200 ATX3(2200W)｝雙8/白金/全模組/4*PCIe 5.1/12年(限220V H型插座),17490,,2026-09-17 23:30:17
電源供應器,海韻 Seasonic,｛海韻 PRIME TX-1300 ATX3(1300W)｝雙8/鈦金/全模組/PCIe 5.1/12年保,16490,,2026-09-17 23:30:17
電源供應器,台達 DELTA 最穩定的電源【保固憑原價屋發票/保貼】,｛台達 550W 銅牌｝雙8/DC-DC/5年保固/3年換新/GPS-550GB A,1990,,2026-09-17 23:30:17
電源供應器,台達 DELTA 最穩定的電源【保固憑原價屋發票/保貼】,｛台達 650W 銅牌｝雙8/DC-DC/5年保固/3年換新/GPS-650FB A,2190,,2026-09-17 23:30:17
電源供應器,台達 DELTA 最穩定的電源【保固憑原價屋發票/保貼】,｛台達 650W 金牌｝雙8/全模組/DC-DC/10年保固/3年換新/GPS-650MB A,2890,,2026-09-17 23:30:17
電源供應器,台達 DELTA 最穩定的電源【保固憑原價屋發票/保貼】,｛台達 超實在 850W 金牌｝雙8/全模組/ATX3.1(PCIe 5.1)/10年保,3890,,2026-09-17 23:30:17
電源供應器,台達 DELTA 最穩定的電源【保固憑原價屋發票/保貼】,｛台達 超實在 1100W 白金｝雙8/全模組/ATX3.0(PCIe 5.0)/10年保 原價,6990,,2026-09-17 23:30:17
電源供應器,Apexgaming 美商艾湃電競【首利100%品牌，原價屋售出 3年快換】,｛Apexgaming KR-750M(750W)｝雙8/白金/全模/ATX3.0(PCIe 5.0)/全日系/10年【SFX】,3590,,2026-09-17 23:30:17
電源供應器,Apexgaming 美商艾湃電競【首利100%品牌，原價屋售出 3年快換】,｛Apexgaming KR-850MW(850W) 白色｝雙8/白金/全模/ATX3.0(PCIe 5.0)/10年【SFX】,4490,,2026-09-17 23:30:17
電源供應器,Apexgaming 美商艾湃電競【首利100%品牌，原價屋售出 3年快換】,｛Apexgaming(首利) A-550(550W)｝銀牌/直出線/主日系/5年保,1390,,2026-09-17 23:30:17
電源供應器,Apexgaming 美商艾湃電競【首利100%品牌，原價屋售出 3年快換】,｛Apexgaming(首利) A-650(650W)｝雙8/銀牌/直出線/主日系/5年保,1590,,2026-09-17 23:30:17
電源供應器,Apexgaming 美商艾湃電競【首利100%品牌，原價屋售出 3年快換】,｛Apexgaming(首利) A-750(750W)｝雙8/銀牌/直出線/PCIe 5.1/主日系/5年保,1790,,2026-09-17 23:30:17
電源供應器,Apexgaming 美商艾湃電競【首利100%品牌，原價屋售出 3年快換】,｛Apexgaming(首利) A-850(850W)｝雙8/銀牌/直出線/ATX3.1(PCIe 5.1)/全日系/5年保,2090,,2026-09-17 23:30:17
電源供應器,Apexgaming 美商艾湃電競【首利100%品牌，原價屋售出 3年快換】,｛Apexgaming(首利) AJ-650M(650W)｝雙8/金牌/全模/全日系/智慧停轉/10年保,2090,,2026-09-17 23:30:17
電源供應器,Apexgaming 美商艾湃電競【首利100%品牌，原價屋售出 3年快換】,｛Apexgaming(首利) STR650MW(650W) 白色｝雙8/金牌/全模/全日系/10年保,2290,,2026-09-17 23:30:17
電源供應器,Apexgaming 美商艾湃電競【首利100%品牌，原價屋售出 3年快換】,｛Apexgaming GTR-750M(750W)｝雙8/金牌/全模/ATX3.0(PCIe 5.0)/全日系/10年,2690,,2026-09-17 23:30:17
電源供應器,Apexgaming 美商艾湃電競【首利100%品牌，原價屋售出 3年快換】,｛Apexgaming GTR-750MW(750W) 白色｝雙8/金牌/全模/ATX3.0(PCIe 5.0)/10年,2490,,2026-09-17 23:30:17
電源供應器,Apexgaming 美商艾湃電競【首利100%品牌，原價屋售出 3年快換】,｛Apexgaming GTR-850M(850W)｝雙8/金牌/全模/ATX3.0(PCIe 5.0)/全日系/10年,2890,,2026-09-17 23:30:17
電源供應器,Apexgaming 美商艾湃電競【首利100%品牌，原價屋售出 3年快換】,｛Apexgaming GTR-850MW(850W) 白色｝雙8/金牌/全模/ATX3.0(PCIe 5.0)/10年,2790,,2026-09-17 23:30:17
電源供應器,Apexgaming 美商艾湃電競【首利100%品牌，原價屋售出 3年快換】,｛Apexgaming GTR Plus-1000M(1000W)｝雙8/白金/全模/ATX3.1(PCIe 5.1)/10年 原價,5590,,2026-09-17 23:30:17
電源供應器,Apexgaming 美商艾湃電競【首利100%品牌，原價屋售出 3年快換】,｛Apexgaming GTR Plus-1000MW(1000W) 白色｝白金/全模/ATX3.1(PCIe 5.1)10年 原價,5790,,2026-09-17 23:30:17
電源供應器,Apexgaming 美商艾湃電競【首利100%品牌，原價屋售出 3年快換】,｛Apexgaming(首利) ODIN 1200W｝雙8/白金/全模組/ATX3.0(PCIe 5.0)/全日系/10年保,4390,,2026-09-17 23:30:17
電源供應器,Apexgaming 美商艾湃電競【首利100%品牌，原價屋售出 3年快換】,｛Apexgaming(首利) ODIN 1650W｝雙8/白金/全模組/ATX3.0(雙PCIe 5.0)/全日系/10年保,14990,,2026-09-17 23:30:17
電源供應器,美洲獅 COUGAR 電源【偉訓30年品質保證】,｛COUGAR VTE 400W 銅牌｝主日系/DC-DC/5年保,1290,,2026-09-17 23:30:17
電源供應器,美洲獅 COUGAR 電源【偉訓30年品質保證】,｛COUGAR ATLAS 550W 銅牌｝主日系/DC-DC/5年保,1590,,2026-09-17 23:30:17
電源供應器,美洲獅 COUGAR 電源【偉訓30年品質保證】,｛COUGAR ATLAS 650W｝雙8/銅牌/主日系/DC-DC/5年保,1790,,2026-09-17 23:30:17
電源供應器,美洲獅 COUGAR 電源【偉訓30年品質保證】,｛COUGAR ATLAS 750W｝雙8/銅牌/ATX3.1(PCIe 5.1)/主日系/5年保 原價,2090,,2026-09-17 23:30:17
電源供應器,美洲獅 COUGAR 電源【偉訓30年品質保證】,｛COUGAR GR 750W｝雙8/金牌/全模組/ATX3.1(PCIe 5.1)/主日系/5年保 原價,2990,,2026-09-17 23:30:17
電源供應器,美洲獅 COUGAR 電源【偉訓30年品質保證】,｛COUGAR GR 850W｝雙8/金牌/全模組/ATX3.1(PCIe 5.1)/主日系/5年保 原價,3290,,2026-09-17 23:30:17
電源供應器,美洲獅 COUGAR 電源【偉訓30年品質保證】,｛COUGAR GR 1000W｝雙8/金牌/全模組/ATX3.1(PCIe 5.1)/全日系/壓紋線/10年保,3890,,2026-09-17 23:30:17
電源供應器,美洲獅 COUGAR 電源【偉訓30年品質保證】,｛COUGAR GEX PRO 850W｝雙8/金牌/全模組/ATX3.1(PCIe 5.1)/10年保,3590,,2026-09-17 23:30:17
電源供應器,美洲獅 COUGAR 電源【偉訓30年品質保證】,｛COUGAR POLAR X2 1050W｝雙8/白金/全模組/ATX3.1(PCIe 5.0)/全日系/10年▼下殺到 9/30 20:00,5990,,2026-09-17 23:30:17
電源供應器,美洲獅 COUGAR 電源【偉訓30年品質保證】,｛COUGAR POLAR X2 1200W｝雙8/白金/全模組/ATX3.1(PCIe 5.0)/全日系/10年▼下殺到 9/30 20:00,6990,,2026-09-17 23:30:17
電源供應器,振華 Super Flower,｛振華 BRONZE KING II 400W｝銅牌/5年保,1250,,2026-09-17 23:30:17
電源供應器,振華 Super Flower,｛振華 BRONZE KING II 500W｝雙8/銅牌/5年保,1490,,2026-09-17 23:30:17
電源供應器,振華 Super Flower,｛振華 BRONZE KING II PLUS 650W｝雙8/銅牌/5年保,1790,,2026-09-17 23:30:17
電源供應器,振華 Super Flower,｛振華 COMBAT DG 750W｝雙8/金牌/直出線/ATX3.1(PCIe 5.1)/主日系/7年保,2290,,2026-09-17 23:30:17
電源供應器,振華 Super Flower,｛振華 COMBAT DG 1000W｝雙8/金牌/直出線/ATX3.1(PCIe 5.1)/主日系/7年 原價,3290,,2026-09-17 23:30:17
電源供應器,振華 Super Flower,｛振華 COMBAT SG PLUS 550W｝雙8/金牌/半模/ATX3.1/全日系/10年保,2190,,2026-09-17 23:30:17
電源供應器,振華 Super Flower,｛振華 COMBAT SG PLUS 850W｝雙8/金牌/半模/ATX3.1(PCIe 5.1)/全日系/10年保,2890,,2026-09-17 23:30:17
電源供應器,振華 Super Flower,｛振華 COMBAT FG 650W 黑色｝雙8/金牌/全模/ATX3.1(PCIe 5.0)/全日系/10年保,2690,,2026-09-17 23:30:17
電源供應器,振華 Super Flower,｛振華 COMBAT FG 650W 白色｝雙8/金牌/全模/ATX3.1(PCIe 5.0)/全日系/10年保,2790,,2026-09-17 23:30:17
電源供應器,振華 Super Flower,｛振華 COMBAT FG 850W 白色｝雙8/金牌/全模/ATX3.1(PCIe 5.0)/全日系/10年保,3090,,2026-09-17 23:30:17
電源供應器,振華 Super Flower,｛振華 LEADEX III 850W 金牌｝雙8/全模/ATX3.1(PCIe 5.1)/主日系/智慧停轉/10年保,3090,,2026-09-17 23:30:17
電源供應器,振華 Super Flower,｛振華 LEADEX III 1000W 金牌｝雙8/全模/ATX3.1(PCIe 5.1)/主日系/智慧停轉/10年保,4190,,2026-09-17 23:30:17
電源供應器,振華 Super Flower,｛振華 LEADEX III 750W(黑色) 白金｝雙8/全模/ATX3.1(PCIe 5.1)/主日系/智慧停轉/10年保,3390,,2026-09-17 23:30:17
電源供應器,振華 Super Flower,｛振華 LEADEX III 750W(白色) 白金｝雙8/全模/ATX3.1(PCIe 5.1)/主日系/智慧停轉/10年保,3490,,2026-09-17 23:30:17
電源供應器,振華 Super Flower,｛振華 LEADEX III 850W(黑色) 白金｝雙8/全模/ATX3.1(PCIe 5.1)/主日系/智慧停轉/10年保,3790,,2026-09-17 23:30:17
電源供應器,振華 Super Flower,｛振華 LEADEX III 1000W 白金｝雙8/全模/ATX3.1(PCIe 5.1)/全日系/智慧停轉/10年保,4590,,2026-09-17 23:30:17
電源供應器,振華 Super Flower,｛振華 LEADEX III 1300W 白金｝雙8/全模/ATX3.1(PCIe 5.1)/全日系/智慧停轉/10年保,5490,,2026-09-17 23:30:17
電源供應器,振華 Super Flower,｛振華 LEADEX VII PRO 850W 黑色｝雙8/白金/全模/ATX3.1(PCIe 5.1)/全日系/10年保,4390,,2026-09-17 23:30:17
電源供應器,振華 Super Flower,｛振華 LEADEX VII PRO 850W 白色｝ 雙8/白金/全模/ATX3.1(PCIe 5.1)/全日系/10年保,4590,,2026-09-17 23:30:17
電源供應器,振華 Super Flower,｛振華 LEADEX VII PRO 1000W 白色｝雙8/白金/全模/ATX3.1(PCIe 5.1)/全日系/10年保,5190,,2026-09-17 23:30:17
電源供應器,振華 Super Flower,｛振華 LEADEX VII PRO 1200W 黑色｝雙8/白金/全模/ATX3.1(PCIe 5.1)/全日系/10年保,6990,,2026-09-17 23:30:17
電源供應器,振華 Super Flower,｛振華 LEADEX VII PRO 1200W 白色｝雙8/白金/全模/ATX3.1(PCIe 5.1)/全日系/10年保,7190,,2026-09-17 23:30:17
電源供應器,振華 Super Flower,｛振華 LEADEX Titanium 2800W｝鈦金/ATX3.1(4組PCIe 5.1)/全日系/10年(限220V T型插座),22900,,2026-09-17 23:30:17
電源供應器,君主 Montech 【原廠兩年換新】,｛Montech BETA 2 550W｝雙8/銅牌/ATX3.1/主日系/直出壓紋線/5年保,1490,,2026-09-17 23:30:17
電源供應器,君主 Montech 【原廠兩年換新】,｛Montech BETA 2 650W｝雙8/銅牌/ATX3.1/主日系/直出壓紋線/5年保,1690,,2026-09-17 23:30:17
電源供應器,君主 Montech 【原廠兩年換新】,｛Montech BETA 2 750W｝雙8/銅牌/ATX3.1/主日系/直出壓紋線/5年保,1890,,2026-09-17 23:30:17
電源供應器,君主 Montech 【原廠兩年換新】,｛Montech BETA 2 850W｝雙8/銅牌/ATX3.1(PCIe 5.1)/主日系/直出壓紋線/5年保,2090,,2026-09-17 23:30:17
電源供應器,君主 Montech 【原廠兩年換新】,｛Montech GAMMA 3 650W｝雙8/金牌/ATX3.1(PCIe 5.1)/主日系/壓紋線/5年保,1890,,2026-09-17 23:30:17
電源供應器,君主 Montech 【原廠兩年換新】,｛Montech GAMMA 3 750W｝雙8/金牌/ATX3.1(PCIe 5.1)/主日系/壓紋線/5年保,2190,,2026-09-17 23:30:17
電源供應器,君主 Montech 【原廠兩年換新】,｛Montech GAMMA 3 850W｝雙8/金牌/ATX3.1(PCIe 5.1)/主日系/壓紋線/5年保,2490,,2026-09-17 23:30:17
電源供應器,君主 Montech 【原廠兩年換新】,｛Montech CENTURY II 650W｝雙8/金牌/全模/ATX3.1(PCIe 5.1)/主日系/智慧停轉/10年,2490,,2026-09-17 23:30:17
電源供應器,君主 Montech 【原廠兩年換新】,｛Montech CENTURY II 850W｝雙8/金牌/全模/ATX3.1(PCIe 5.1)/全日系/智慧停轉/10年,2990,,2026-09-17 23:30:17
電源供應器,君主 Montech 【原廠兩年換新】,｛Montech CENTURY II 1050W｝雙8/金牌/全模/ATX3.1(PCIe 5.1)/全日系/智慧停轉/10年,3990,,2026-09-17 23:30:17
電源供應器,君主 Montech 【原廠兩年換新】,｛Montech CENTURY II 1200W｝雙8/金牌/全模/ATX3.1(PCIe 5.1)/全日系/智慧停轉/10年,4790,,2026-09-17 23:30:17
電源供應器,君主 Montech 【原廠兩年換新】,｛Montech TITAN GOLD 750W｝雙8/金牌/全模/ATX3.0(PCIe 5.0)/全日系/智慧停轉/10年,3290,,2026-09-17 23:30:17
電源供應器,君主 Montech 【原廠兩年換新】,｛Montech TITAN GOLD 1200W｝雙8/金牌/全模/ATX3.0(PCIe 5.0)/全日系/智慧停轉/10年,4790,,2026-09-17 23:30:17
電源供應器,君主 Montech 【原廠兩年換新】,｛Montech TITAN PLA 750W 白色｝雙8/白金/全模/ATX3.1(PCIe 5.1) /智慧停轉/10年,3690,,2026-09-17 23:30:17
電源供應器,君主 Montech 【原廠兩年換新】,｛Montech TITAN PLA 850W 白色｝雙8/白金/全模/ATX3.1(PCIe 5.1)/智慧停轉/10年,4290,,2026-09-17 23:30:17
電源供應器,君主 Montech 【原廠兩年換新】,｛Montech TITAN PLA 1000W 白色｝雙8/白金/全模/ATX3.1(PCIe 5.1)/智慧停轉/10年,6290,,2026-09-17 23:30:17
電源供應器,君主 Montech 【原廠兩年換新】,｛Montech TITAN PLA 1200W 白色｝雙8/白金/全模/ATX3.1(PCIe 5.1)/智慧停轉/10年,7490,,2026-09-17 23:30:17
電源供應器,銀欣 SilverStone【原價屋售出 2年快換】,｛銀欣 ST30SF 300W｝銅牌/直出線/5年保 (ST30SF.V2.0)【SFX規格】,1790,,2026-09-17 23:30:17
電源供應器,銀欣 SilverStone【原價屋售出 2年快換】,｛銀欣 ST45SF 450W｝銅牌/直出線/5年保 (ST45SF.V3.0)【SFX規格】,2190,,2026-09-17 23:30:17
電源供應器,銀欣 SilverStone【原價屋售出 2年快換】,｛銀欣 Extreme 550Rz(550W) Gold｝雙8/金牌/全模組/主日系/ATX3.1/5年保【SFX規格】,2490,,2026-09-17 23:30:17
電源供應器,銀欣 SilverStone【原價屋售出 2年快換】,｛銀欣 Extreme 650Rz(650W) Gold｝雙8/金牌/全模組/主日系/ATX3.1/5年保【SFX規格】,2790,,2026-09-17 23:30:17
電源供應器,銀欣 SilverStone【原價屋售出 2年快換】,｛銀欣 ET450-B(450W)｝銅牌/直出線/5年保,1350,,2026-09-17 23:30:17
電源供應器,銀欣 SilverStone【原價屋售出 2年快換】,｛銀欣 ET650-B(650W)｝雙8/銅牌/直出線/扁平線/5年保,1690,,2026-09-17 23:30:17
電源供應器,銀欣 SilverStone【原價屋售出 2年快換】,｛銀欣 ATTIS 650R(650W) 白｝雙8/銅牌/直出線/扁平線/主日系/ATX3.1/5年保,1990,,2026-09-17 23:30:17
電源供應器,銀欣 SilverStone【原價屋售出 2年快換】,｛銀欣 ATTIS 750R(750W) 黑｝雙8/銅牌/直出線/扁平線/主日系/ATX3.1/5年保,2090,,2026-09-17 23:30:17
電源供應器,銀欣 SilverStone【原價屋售出 2年快換】,｛銀欣 Triton 650Rx(650W)｝雙8/金牌/直出線/主日系/ATX3.1(PCIe 5.1)/5年,2090,,2026-09-17 23:30:17
電源供應器,銀欣 SilverStone【原價屋售出 2年快換】,｛銀欣 Triton 750Rx(750W)｝雙8/金牌/直出線/主日系/ATX3.1(PCIe 5.1)/5年,2290,,2026-09-17 23:30:17
電源供應器,銀欣 SilverStone【原價屋售出 2年快換】,｛銀欣 Triton 850Rx(850W)｝雙8/金牌/直出線/主日系/ATX3.1(PCIe 5.1)/5年,2490,,2026-09-17 23:30:17
電源供應器,銀欣 SilverStone【原價屋售出 2年快換】,｛銀欣 DA750R Gold(750W) 黑色｝雙8/金牌/全模組/主日系/ATX3.0(PCIe 5.0)/5年,2590,,2026-09-17 23:30:17
電源供應器,銀欣 SilverStone【原價屋售出 2年快換】,｛銀欣 DA750R Gold(750W) 白色｝雙8/金牌/全模組/主日系/ATX3.0(PCIe 5.0)/5年,2690,,2026-09-17 23:30:17
電源供應器,銀欣 SilverStone【原價屋售出 2年快換】,｛銀欣 DA850R Gold(850W) 黑色｝雙8/金牌/全模組/主日系/ATX3.0(PCIe 5.0)/5年,2890,,2026-09-17 23:30:17
電源供應器,銀欣 SilverStone【原價屋售出 2年快換】,｛銀欣 DA850R Gold(850W) 白色｝雙8/金牌/全模組/主日系/ATX3.0(PCIe 5.0)/5年,2990,,2026-09-17 23:30:17
電源供應器,銀欣 SilverStone【原價屋售出 2年快換】,｛銀欣 HELA 850R Platinum(850W)｝雙8/白金/全模組/全日系/ATX3.0(PCIe 5.0)/5年保,3590,,2026-09-17 23:30:17
電源供應器,酷碼 Cooler Master,｛酷碼 V SFX GOLD 850W ATX3.1 黑色｝雙8/金牌/全模組(PCIe 5.1)/10年【SFX規格】,4690,,2026-09-17 23:30:17
電源供應器,酷碼 Cooler Master,｛酷碼V SFX GOLD 850W ATX3.1 白色｝雙8/金牌/全模組(PCIe 5.1)/10年【SFX規格】,4690,,2026-09-17 23:30:17
電源供應器,酷碼 Cooler Master,｛酷碼 MWE BRONZE V2 450W｝銅牌/DC-DC+LLC/5年保/2020年版,1490,,2026-09-17 23:30:17
電源供應器,酷碼 Cooler Master,｛酷碼 MWE GOLD V3 550W 黑色｝雙8/金牌/直出線/ATX3.1/5年,1690,,2026-09-17 23:30:17
電源供應器,酷碼 Cooler Master,｛酷碼 MWE GOLD V3 550W 白色｝雙8/金牌/直出線/ATX3.1/5年,1690,,2026-09-17 23:30:17
電源供應器,酷碼 Cooler Master,｛酷碼 MWE GOLD V3 650W 黑色｝雙8/金牌/直出線/ATX3.1/5年,1990,,2026-09-17 23:30:17
電源供應器,酷碼 Cooler Master,｛酷碼 MWE GOLD V3 650W 白色｝雙8/金牌/直出線/ATX3.1/5年,1990,,2026-09-17 23:30:17
電源供應器,酷碼 Cooler Master,｛酷碼 MWE GOLD V3 750W 黑色｝雙8/金牌/直出線/ATX3.1(PCIe 5.1)/5年,2290,,2026-09-17 23:30:17
電源供應器,酷碼 Cooler Master,｛酷碼 MWE GOLD V3 750W 白色｝雙8/金牌/直出線/ATX3.1(PCIe 5.1)/5年,2290,,2026-09-17 23:30:17
電源供應器,酷碼 Cooler Master,｛酷碼 MWE GOLD V3 850W 黑色｝雙8/金牌/直出線/ATX3.1(PCIe 5.1)/5年,2490,,2026-09-17 23:30:17
電源供應器,酷碼 Cooler Master,｛酷碼 MWE GOLD V3 850W 白色｝雙8/金牌/直出線/ATX3.1(PCIe 5.1)/5年,2490,,2026-09-17 23:30:17
電源供應器,酷碼 Cooler Master,｛酷碼 GX II GOLD 750W｝雙8/金牌/全模組/ATX3.1(PCIe 5.1垂直線)/主日系/10年,2790,,2026-09-17 23:30:17
電源供應器,酷碼 Cooler Master,｛酷碼 MWE GOLD V4 850W 黑色｝雙8/金牌/全模組/ATX3.1(PCIe 5.1)LED警示燈/10年,3390,,2026-09-17 23:30:17
電源供應器,酷碼 Cooler Master,｛酷碼 MWE GOLD V4 850W 白色｝雙8/金牌/全模組/ATX3.1(PCIe 5.1)LED警示燈/10年,3390,,2026-09-17 23:30:17
電源供應器,酷碼 Cooler Master,｛酷碼 MWE GOLD V4 1000W 白色｝雙8/金牌/全模組/ATX3.1(PCIe 5.1)LED警示燈/10年,4690,,2026-09-17 23:30:17
電源供應器,酷碼 Cooler Master,｛酷碼 ELITE PLATINUM 850W 黑色｝雙8/白金牌/全模組/ATX3.1(PCIe 5.1)全日系/12年,3890,,2026-09-17 23:30:17
電源供應器,酷碼 Cooler Master,｛酷碼 ELITE PLATINUM 850W 白色｝雙8/白金牌/全模組/ATX3.1(PCIe 5.1)全日系/12年,3890,,2026-09-17 23:30:17
電源供應器,酷碼 Cooler Master,｛酷碼 ELITE PLATINUM 1000W 黑色｝雙8/白金牌/全模組/ATX3.1(PCIe 5.1)全日系/12年,4990,,2026-09-17 23:30:17
電源供應器,酷碼 Cooler Master,｛酷碼 ELITE PLATINUM 1000W 白色｝雙8/白金牌/全模組/ATX3.1(PCIe 5.1)全日系/12年,4990,,2026-09-17 23:30:17
電源供應器,酷碼 Cooler Master,｛酷碼 V Platinum V2 1100W｝雙8/白金/全模組/ATX3.1(PCIe 5.1垂直線)/12年,6250,,2026-09-17 23:30:17
電源供應器,酷碼 Cooler Master,｛酷碼 V Platinum V2 1300W｝雙8/白金/全模組/ATX3.1(PCIe 5.1垂直線)/12年,7250,,2026-09-17 23:30:17
電源供應器,酷碼 Cooler Master,｛酷碼 V Platinum V2 1600W｝雙8/白金/全模組/ATX3.1(PCIe 5.1垂直線)/12年,10750,,2026-09-17 23:30:17
電源供應器,酷碼 Cooler Master,｛酷碼 X Silent Max Platinum 1300W｝雙8/白金/全模組/數位電源/ATX3.1(PCIe 5.0)/15年,11990,,2026-09-17 23:30:17
電源供應器,威剛 XPG【保內原廠展服快換】,｛XPG CORE PYLON II 550W｝雙8/銅牌/ATX3.1(PCIe 5.1)/5年保,1590,,2026-09-17 23:30:17
電源供應器,威剛 XPG【保內原廠展服快換】,｛XPG CORE PYLON II 650W｝雙8/銅牌/ATX3.1(PCIe 5.1)/5年保,1790,,2026-09-17 23:30:17
電源供應器,威剛 XPG【保內原廠展服快換】,｛XPG CORE PYLON II 750W｝雙8/銅牌/ATX3.1(PCIe 5.1)/5年保,1990,,2026-09-17 23:30:17
電源供應器,威剛 XPG【保內原廠展服快換】,｛XPG KYBER II 750W｝雙8/金牌/半模/ATX3.1(PCIe 5.1)/主日系/5年保,2290,,2026-09-17 23:30:17
電源供應器,威剛 XPG【保內原廠展服快換】,｛XPG KYBER II 850W｝雙8/金牌/半模/ATX3.1(PCIe 5.1)/主日系/5年保,2590,,2026-09-17 23:30:17
電源供應器,威剛 XPG【保內原廠展服快換】,｛XPG CORE REACTOR II VE 750W｝雙8/金牌/全模/ATX3.1(PCIe 5.1)/7年保 原價,3190,,2026-09-17 23:30:17
電源供應器,威剛 XPG【保內原廠展服快換】,｛XPG CORE REACTOR II VE 850W｝雙8/金牌/全模/ATX3.1(PCIe 5.1)/7年保 原價,3490,,2026-09-17 23:30:17
電源供應器,威剛 XPG【保內原廠展服快換】,｛XPG CORE REACTOR II 750W｝雙8/金牌/全模組/ATX3.0(PCIe 5.0)/全日系/10年保,3290,,2026-09-17 23:30:17
電源供應器,威剛 XPG【保內原廠展服快換】,｛XPG CORE REACTOR II 850W｝雙8/金牌/全模組/ATX3.0(PCIe 5.0)/全日系/10年保,3690,,2026-09-17 23:30:17
電源供應器,威剛 XPG【保內原廠展服快換】,｛XPG CORE REACTOR II 850W 白色｝雙8/金牌/全模/ATX3.0(PCIe 5.0)/全日系/10年保,3990,,2026-09-17 23:30:17
電源供應器,威剛 XPG【保內原廠展服快換】,｛XPG CORE REACTOR II 1000W｝雙8/金牌/全模組/ATX3.0(PCIe 5.0)/全日系/10年保,4590,,2026-09-17 23:30:17
電源供應器,威剛 XPG【保內原廠展服快換】,｛XPG CORE REACTOR II 1200W｝雙8/金牌/全模組/ATX3.0(PCIe 5.0)/全日系/10年保,5590,,2026-09-17 23:30:17
電源供應器,威剛 XPG【保內原廠展服快換】,｛XPG CYBERCORE II 1300W｝雙8/白金/全模組/ATX3.0(PCIe 5.0)/10年保 原價,7490,,2026-09-17 23:30:17
電源供應器,威剛 XPG【保內原廠展服快換】,｛XPG FUSION 1600W｝雙8/鈦金/全模組/ATX3.0(雙PCIe 5.0)/全日系/12年,19900,,2026-09-17 23:30:17
電源供應器,保銳 ENERMAX【原價屋售出 2年快換】,｛保銳 EB450-C 450W｝銅牌/直出壓紋線/全日系/5年,1090,,2026-09-17 23:30:17
電源供應器,保銳 ENERMAX【原價屋售出 2年快換】,｛保銳 EB550-C 550W｝銅牌/直出壓紋線/ATX3.1/全日系/5年,1490,,2026-09-17 23:30:17
電源供應器,保銳 ENERMAX【原價屋售出 2年快換】,｛保銳 EB650-C 650W｝雙8/銅牌/直出壓紋線/ATX3.1/全日系/5年,1690,,2026-09-17 23:30:17
電源供應器,保銳 ENERMAX【原價屋售出 2年快換】,｛保銳 Cyberbron II 700W｝雙8/銅牌/直出扁線/主日系/5年,1690,,2026-09-17 23:30:17
電源供應器,保銳 ENERMAX【原價屋售出 2年快換】,｛保銳 CyberG II 650W｝雙8/金牌/直出扁線/ATX3.1/全日系/7年,1790,,2026-09-17 23:30:17
電源供應器,保銳 ENERMAX【原價屋售出 2年快換】,｛保銳 CyberG II 750W｝雙8/金牌/直出扁線/ATX3.1(PCIe 5.1)/全日系/7年,2090,,2026-09-17 23:30:17
電源供應器,保銳 ENERMAX【原價屋售出 2年快換】,｛保銳 CyberG II 850W｝雙8/金牌/直出扁線/ATX3.1(PCIe 5.1)/全日系/7年,2390,,2026-09-17 23:30:17
電源供應器,保銳 ENERMAX【原價屋售出 2年快換】,｛保銳 Revolution III 650W 黑色｝雙8/金牌/全模組/ATX3.1(PCIe 5.1)/全日系/10年,2490,,2026-09-17 23:30:17
電源供應器,保銳 ENERMAX【原價屋售出 2年快換】,｛保銳 Revolution III 650W 白色｝雙8/金牌/全模組/ATX3.1(PCIe 5.1)/全日系/10年,2490,,2026-09-17 23:30:17
電源供應器,保銳 ENERMAX【原價屋售出 2年快換】,｛保銳 Revolution III 750W 黑色｝雙8/金牌/全模組/ATX3.1(PCIe 5.1)/全日系/10年,2790,,2026-09-17 23:30:17
電源供應器,保銳 ENERMAX【原價屋售出 2年快換】,｛保銳 Revolution III 750W 白色｝雙8/金牌/全模組/ATX3.1(PCIe 5.1)/全日系/10年,2790,,2026-09-17 23:30:17
電源供應器,保銳 ENERMAX【原價屋售出 2年快換】,｛保銳 Revolution III 850W 黑色｝雙8/金牌/全模組/ATX3.1(PCIe 5.1)/全日系/10年,3090,,2026-09-17 23:30:17
電源供應器,保銳 ENERMAX【原價屋售出 2年快換】,｛保銳 Revolution III 850W 白色｝雙8/金牌/全模組/ATX3.1(PCIe 5.1)/全日系/10年,3090,,2026-09-17 23:30:17
電源供應器,保銳 ENERMAX【原價屋售出 2年快換】,｛保銳 Revolution III 1000W｝雙8/金牌/全模組/ATX3.1(PCIe 5.1)/全日系/10年,4290,,2026-09-17 23:30:17
電源供應器,保銳 ENERMAX【原價屋售出 2年快換】,｛保銳 Revolution III S 1000W 黑色｝雙8/白金/全模/ATX3.1(PCIe 5.1)/全日系/13年保,4990,,2026-09-17 23:30:17
電源供應器,保銳 ENERMAX【原價屋售出 2年快換】,｛保銳 Revolution III S 1000W 白色｝雙8/白金/全模/ATX3.1(PCIe 5.1)/全日系/13年保,4990,,2026-09-17 23:30:17
電源供應器,保銳 ENERMAX【原價屋售出 2年快換】,｛保銳 PlatimaxII 1200DF(1200W) 黑色｝雙8/白金/全模/ATX3.1(PCIe 5.1)/全日系/13年保,5990,,2026-09-17 23:30:17
電源供應器,保銳 ENERMAX【原價屋售出 2年快換】,｛保銳 PlatimaxII 1200DF(1200W) 白色｝雙8/白金/全模/ATX3.1(PCIe 5.1)/全日系/13年保,5990,,2026-09-17 23:30:17
電源供應器,保銳 ENERMAX【原價屋售出 2年快換】,｛保銳 PlatiGemini 1200W｝雙8/白金/符合ATX12VO/全模/ATX3.1(PCIe 5.1)/全日系/10年,5990,,2026-09-17 23:30:17
電源供應器,安鈦克 Antec 電源供應器 美國選購率第一【原價屋售出 2年快換!!】,｛Antec CSK550DC(550W)｝雙8/銅牌/直出線/靜音風扇/DC-DC/5年保,1590,,2026-09-17 23:30:17
電源供應器,安鈦克 Antec 電源供應器 美國選購率第一【原價屋售出 2年快換!!】,｛Antec CSK650DC(650W)｝雙8/銅牌/直出線/靜音風扇/DC-DC/5年保,1790,,2026-09-17 23:30:17
電源供應器,安鈦克 Antec 電源供應器 美國選購率第一【原價屋售出 2年快換!!】,｛Antec CSK750DC(750W) 白色｝雙8/銅牌/直出線/PCIe 5.1/DC-DC/5年保,2190,,2026-09-17 23:30:17
電源供應器,安鈦克 Antec 電源供應器 美國選購率第一【原價屋售出 2年快換!!】,｛Antec CSK750H(750W)｝雙8/銅牌/半模組/靜音風扇/5年保,1890,,2026-09-17 23:30:17
電源供應器,安鈦克 Antec 電源供應器 美國選購率第一【原價屋售出 2年快換!!】,｛Antec GSK 750W V2｝雙8/金牌/全模/ATX3.1(PCIe 5.1)/溫控風扇/壓紋線/10年保,2790,,2026-09-17 23:30:17
電源供應器,安鈦克 Antec 電源供應器 美國選購率第一【原價屋售出 2年快換!!】,｛Antec GSK 850W V2｝雙8/金牌/全模/ATX3.1(PCIe 5.1)/溫控風扇/壓紋線/10年保,3090,,2026-09-17 23:30:17
電源供應器,安鈦克 Antec 電源供應器 美國選購率第一【原價屋售出 2年快換!!】,｛Antec GSK 1000W｝雙8/金牌/全模/ATX3.1(PCIe 5.1)/溫控風扇/壓紋線/10年保,3790,,2026-09-17 23:30:17
電源供應器,安鈦克 Antec 電源供應器 美國選購率第一【原價屋售出 2年快換!!】,｛Antec NE750GM(750W)｝雙8/金牌/全模/全日系/智慧溫控風扇/10年保,2790,,2026-09-17 23:30:17
電源供應器,安鈦克 Antec 電源供應器 美國選購率第一【原價屋售出 2年快換!!】,｛Antec NE850GM(850W)｝雙8/金牌/全模/全日系/智慧溫控風扇/10年保,2990,,2026-09-17 23:30:17
電源供應器,安鈦克 Antec 電源供應器 美國選購率第一【原價屋售出 2年快換!!】,｛Antec NE850GM(850W) 白色｝雙8/黑色線材/金牌/全模/全日系/智慧溫控風扇/10年保,2990,,2026-09-17 23:30:17
電源供應器,安鈦克 Antec 電源供應器 美國選購率第一【原價屋售出 2年快換!!】,｛Antec NE1000G M ATX3.0(1000W) 白色｝雙8/金牌/全模/PCIe 5.0/全日系/10年保,4090,,2026-09-17 23:30:17
電源供應器,安鈦克 Antec 電源供應器 美國選購率第一【原價屋售出 2年快換!!】,｛Antec NE1300G M ATX3.0(1300W)｝雙8/金牌/全模/PCIe 5.0/全日系/10年保,4990,,2026-09-17 23:30:17
電源供應器,安鈦克 Antec 電源供應器 美國選購率第一【原價屋售出 2年快換!!】,｛Antec NE850(850W) Platinum｝雙8/白金/全模/ATX3.1(PCIe 5.1)/主日系/10年保,3690,,2026-09-17 23:30:17
電源供應器,安鈦克 Antec 電源供應器 美國選購率第一【原價屋售出 2年快換!!】,｛Antec NE1000(1000W) Platinum｝雙8/白金/全模/ATX3.1(PCIe 5.1)/主日系/10年保,4190,,2026-09-17 23:30:17
電源供應器,安鈦克 Antec 電源供應器 美國選購率第一【原價屋售出 2年快換!!】,｛Antec NE1200(1200W) Platinum｝雙8/白金/全模/ATX3.1(PCIe 5.1)/主日系/10年保,4790,,2026-09-17 23:30:17
電源供應器,全漢 FSP 電源供應器【原價屋售出 2年快換 電供就是穩 !!】,｛全漢 金鋼彈 650W｝金牌/全模/全日系/DC-DC/10年保【SFX規格】,3290,,2026-09-17 23:30:17
電源供應器,全漢 FSP 電源供應器【原價屋售出 2年快換 電供就是穩 !!】,｛全漢 金鋼彈 750W ATX3.1(PCIe 5.1)｝雙8/金牌/全模/主日系/10年保【SFX規格】,3990,,2026-09-17 23:30:17
電源供應器,全漢 FSP 電源供應器【原價屋售出 2年快換 電供就是穩 !!】,｛全漢 金鋼彈 850W ATX3.1(PCIe 5.1)｝雙8/金牌/全模/主日系/10年保【SFX規格】,4990,,2026-09-17 23:30:17
電源供應器,全漢 FSP 電源供應器【原價屋售出 2年快換 電供就是穩 !!】,｛全漢 金鋼彈 850W ATX3.0(PCIe 5.0) 白色｝雙8/金牌/全模/主日系/10年保【SFX規格】,4590,,2026-09-17 23:30:17
電源供應器,全漢 FSP 電源供應器【原價屋售出 2年快換 電供就是穩 !!】,｛全漢 DAGGER PM 1200W(MIT)｝雙8/白金/全模/ATX3.1(PCIe 5.1)/主日系/10年【SFX-L】,7990,,2026-09-17 23:30:17
電源供應器,全漢 FSP 電源供應器【原價屋售出 2年快換 電供就是穩 !!】,｛全漢 聖武士 650W｝雙8/銅牌/全日系/DC-DC/5年保,1790,,2026-09-17 23:30:17
電源供應器,全漢 FSP 電源供應器【原價屋售出 2年快換 電供就是穩 !!】,｛全漢 HEXA 85+ PRO GEN5 750W｝雙8/銅牌/主日系/ATX3.0(PCIe 5.0)/5年保,1790,,2026-09-17 23:30:17
電源供應器,全漢 FSP 電源供應器【原價屋售出 2年快換 電供就是穩 !!】,｛全漢 HYDRO G PRO 1200W ATX3.0(PCIe 5.0)｝雙8/金牌/全模/全日系/防潮塗層/10年保,4990,,2026-09-17 23:30:17
電源供應器,全漢 FSP 電源供應器【原價屋售出 2年快換 電供就是穩 !!】,｛全漢 VIC BD+ 550W｝雙8/銅牌/ATX3.1/壓紋線/3+2年(憑發票),1590,,2026-09-17 23:30:17
電源供應器,全漢 FSP 電源供應器【原價屋售出 2年快換 電供就是穩 !!】,｛全漢 VIC BD+ 650W｝雙8/銅牌/ATX3.1/壓紋線/3+2年(憑發票),1790,,2026-09-17 23:30:17
電源供應器,全漢 FSP 電源供應器【原價屋售出 2年快換 電供就是穩 !!】,｛全漢 VIC GD 650W｝雙8/金牌/直出線/ATX3.1/壓紋線/3+2年(憑發票),1890,,2026-09-17 23:30:17
電源供應器,全漢 FSP 電源供應器【原價屋售出 2年快換 電供就是穩 !!】,｛全漢 VIC GM 850W｝雙8/金牌/全模/ATX3.1(PCIe 5.1)/5年保,2990,,2026-09-17 23:30:17
電源供應器,全漢 FSP 電源供應器【原價屋售出 2年快換 電供就是穩 !!】,｛全漢 VITA GD 650W(MIT)｝雙8/金牌/直出線/ATX3.1/主日系/5年保,1990,,2026-09-17 23:30:17
電源供應器,全漢 FSP 電源供應器【原價屋售出 2年快換 電供就是穩 !!】,｛全漢 VITA GD 750W(MIT)｝雙8/金牌/直出線/ATX3.1(PCIe 5.1)/主日系/5年保,2390,,2026-09-17 23:30:17
電源供應器,全漢 FSP 電源供應器【原價屋售出 2年快換 電供就是穩 !!】,｛全漢 VITA GD 850W(MIT)｝雙8/金牌/直出線/ATX3.1(PCIe 5.1)/主日系/5年保,2690,,2026-09-17 23:30:17
電源供應器,全漢 FSP 電源供應器【原價屋售出 2年快換 電供就是穩 !!】,｛全漢 VITA GM 650W(MIT)｝雙8/金牌/全模/ATX3.1/主日系/10年保,2990,,2026-09-17 23:30:17
電源供應器,全漢 FSP 電源供應器【原價屋售出 2年快換 電供就是穩 !!】,｛全漢 VITA GM 650W(MIT) 白色版｝雙8/金牌/全模/ATX3.1/主日系/10年保,3090,,2026-09-17 23:30:17
電源供應器,全漢 FSP 電源供應器【原價屋售出 2年快換 電供就是穩 !!】,｛全漢 VITA GM 750W(MIT)｝雙8/金牌/全模/ATX3.1(PCIe 5.1)/主日系/10年保,3390,,2026-09-17 23:30:17
電源供應器,全漢 FSP 電源供應器【原價屋售出 2年快換 電供就是穩 !!】,｛全漢 VITA GM 750W(MIT) 白色版｝雙8/金牌/全模/ATX3.1(PCIe 5.1)/主日系/10年保,3490,,2026-09-17 23:30:17
電源供應器,全漢 FSP 電源供應器【原價屋售出 2年快換 電供就是穩 !!】,｛全漢 VITA GM 850W(MIT) 白色版｝雙8/金牌/全模/ATX3.1(PCIe 5.1)/主日系/10年保,3990,,2026-09-17 23:30:17
電源供應器,全漢 FSP 電源供應器【原價屋售出 2年快換 電供就是穩 !!】,｛全漢 VITA GM 1000W(MIT) 白色版｝雙8/金牌/全模/ATX3.1(PCIe 5.1)/主日系/10年保,4890,,2026-09-17 23:30:17
電源供應器,全漢 FSP 電源供應器【原價屋售出 2年快換 電供就是穩 !!】,｛全漢 VITA PM 750W(MIT)｝雙8/白金/全模/ATX3.1(PCIe 5.1)/主日系/10年保,3890,,2026-09-17 23:30:17
電源供應器,全漢 FSP 電源供應器【原價屋售出 2年快換 電供就是穩 !!】,｛全漢 VITA PM 850W(MIT)｝雙8/白金/全模/ATX3.1(PCIe 5.1)/主日系/10年保,4390,,2026-09-17 23:30:17
電源供應器,全漢 FSP 電源供應器【原價屋售出 2年快換 電供就是穩 !!】,｛全漢 VITA PM 1000W(MIT)｝雙8/白金/全模/ATX3.1(PCIe 5.1)/主日系/10年保,5290,,2026-09-17 23:30:17
電源供應器,全漢 FSP 電源供應器【原價屋售出 2年快換 電供就是穩 !!】,｛全漢 VITA PM 1000W(MIT) 白色版｝雙8/白金/全模/ATX3.1(PCIe 5.1)/主日系/10年保,5290,,2026-09-17 23:30:17
電源供應器,全漢 FSP 電源供應器【原價屋售出 2年快換 電供就是穩 !!】,｛全漢 MEGA GM 850W(MIT)｝雙8/金牌/全模/ATX3.1(PCIe 5.1)/全日系/防潮塗層/10年保,5290,,2026-09-17 23:30:17
電源供應器,全漢 FSP 電源供應器【原價屋售出 2年快換 電供就是穩 !!】,｛全漢 MEGA GM 1000W(MIT)｝雙8/金牌/全模/ATX3.1(PCIe 5.1)/全日系/防潮塗層/10年保,6290,,2026-09-17 23:30:17
電源供應器,全漢 FSP 電源供應器【原價屋售出 2年快換 電供就是穩 !!】,｛全漢 MEGA GM 1200W(MIT)｝雙8/金牌/全模/ATX3.1(PCIe 5.1)/全日系/防潮塗層/10年保,7290,,2026-09-17 23:30:17
電源供應器,全漢 FSP 電源供應器【原價屋售出 2年快換 電供就是穩 !!】,｛全漢 MEGA TI 1350W(MIT)｝雙8/鈦金/全模/ATX3.1(雙PCIe 5.1)/全日系/防潮塗層/10年保,17500,,2026-09-17 23:30:17
電源供應器,全漢 FSP 電源供應器【原價屋售出 2年快換 電供就是穩 !!】,｛全漢 MEGA TI 1650W(MIT)｝雙8/鈦金/全模/ATX3.1(雙PCIe 5.1)/全日系/防潮塗層/10年保,19500,,2026-09-17 23:30:17
電源供應器,全漢 FSP 電源供應器【原價屋售出 2年快換 電供就是穩 !!】,｛全漢 CANNON PRO 2500W(MIT)｝白金/ATX3.1(4組PCIe 5.1)/3年(限220V T型插座)【無快換】,26900,,2026-09-17 23:30:17
電源供應器,微星 MSI 【到府收件 兩年展服快換】,｛微星 MAG A550BN 550W｝銅牌/DC-DC/5年保,1790,,2026-09-17 23:30:17
電源供應器,微星 MSI 【到府收件 兩年展服快換】,｛微星 MAG A650BN 650W｝銅牌/DC-DC/5年保,1990,,2026-09-17 23:30:17
電源供應器,微星 MSI 【到府收件 兩年展服快換】,｛微星 MAG A650BNL WHITE 650W 白｝銅牌/DC-DC/5年保,2090,,2026-09-17 23:30:17
電源供應器,微星 MSI 【到府收件 兩年展服快換】,｛微星 MAG A750BN PCIE5 III 750W｝雙8/銅牌/ATX3.1/5年保,2290,,2026-09-17 23:30:17
電源供應器,微星 MSI 【到府收件 兩年展服快換】,｛微星 MAG A650GL 650W｝雙8/金牌/全模組/DC-DC/7年保▼下殺到 9/30 20:00,3090,,2026-09-17 23:30:17
電源供應器,微星 MSI 【到府收件 兩年展服快換】,｛微星 MAG A750GL PCIE5 750W｝雙8/金牌/全模組/ATX3.0/7年保▼下殺到 9/30 20:00,3290,,2026-09-17 23:30:17
電源供應器,微星 MSI 【到府收件 兩年展服快換】,｛微星 MAG A850GL PCIE5 850W｝雙8/金牌/全模組/ATX3.0/7年保▼下殺到 9/30 20:00,3690,,2026-09-17 23:30:17
電源供應器,微星 MSI 【到府收件 兩年展服快換】,｛微星 MAG A850GL PCIE5 WHITE 850W 白｝雙8/金牌/全模組/ATX3.0/7年保▼下殺到 9/30 20:00,3790,,2026-09-17 23:30:17
電源供應器,微星 MSI 【到府收件 兩年展服快換】,｛微星 MAG A1000GL PCIE5 1000W｝雙8/金牌/全模組/ATX3.1/7年保▼下殺到 9/30 20:00,4790,,2026-09-17 23:30:17
電源供應器,微星 MSI 【到府收件 兩年展服快換】,｛微星 PRO A850PL PCIE5 850W｝雙8/白金/全模組/ATX3.1(PCIe 5.1)/7年▼下殺到 9/30 20:00,4390,,2026-09-17 23:30:17
電源供應器,微星 MSI 【到府收件 兩年展服快換】,｛微星 PRO A1000PL PCIE5 1000W｝雙8/白金/全模組/ATX3.1(PCIe 5.1)/7年▼下殺到 9/30 20:00,5290,,2026-09-17 23:30:17
電源供應器,微星 MSI 【到府收件 兩年展服快換】,｛微星 MAG A1000PLS PCIE5 1000W｝雙8/白金/全模組/ATX3.1(PCIe 5.1)/10年保,6490,,2026-09-17 23:30:17
電源供應器,微星 MSI 【到府收件 兩年展服快換】,｛微星 MAG A1200PLS PCIE5 1200W｝8/白金/全模組/ATX3.1(PCIe 5.1)/10年保,7590,,2026-09-17 23:30:17
電源供應器,微星 MSI 【到府收件 兩年展服快換】,｛微星 MPG Ai1300TS PCIE5 1300W｝雙8/鈦金/全模/ATX3.1(雙PCIe 5)/軟體監控/12年,16490,,2026-09-17 23:30:17
電源供應器,微星 MSI 【到府收件 兩年展服快換】,｛微星 MPG Ai1600TS PCIE5 1600W｝雙8/鈦金/全模/ATX3.1(雙PCIe 5)/軟體監控/12年,18490,,2026-09-17 23:30:17
電源供應器,DEEPCOOL 九州風神,｛九州風神 PK550D(550W)｝雙8/銅牌/DC-DC/5年,1390,,2026-09-17 23:30:17
電源供應器,DEEPCOOL 九州風神,｛九州風神 PK650D(650W)｝雙8/銅牌/DC-DC/5年,1590,,2026-09-17 23:30:17
電源供應器,DEEPCOOL 九州風神,｛九州風神 PN650D(650W)｝雙8/金牌/直出線/ATX3.1(PCIe 5.1)/10年 送 快睿CR401 ARGB散熱器！,2190,,2026-09-17 23:30:17
電源供應器,DEEPCOOL 九州風神,｛九州風神 PN750D(750W)｝雙8/金牌/直出線/ATX3.1(PCIe 5.1)/10年 送 快睿CR401 ARGB散熱器！,2490,,2026-09-17 23:30:17
電源供應器,DEEPCOOL 九州風神,｛九州風神 PN850D(850W)｝雙8/金牌/直出線/ATX3.1(PCIe 5.1)/10年,2790,,2026-09-17 23:30:17
電源供應器,DEEPCOOL 九州風神,｛九州風神 PN650M(650W)｝雙8/金牌/全模組/ATX3.1(PCIe 5.1)/主日系/10年,2490,,2026-09-17 23:30:17
電源供應器,DEEPCOOL 九州風神,｛九州風神 PN750M(750W)｝雙8/金牌/全模組/ATX3.1(PCIe 5.1)/主日系/10年,2790,,2026-09-17 23:30:17
電源供應器,DEEPCOOL 九州風神,｛九州風神 PN850M(850W)｝雙8/金牌/全模組/ATX3.1(PCIe 5.1)/主日系/10年,3090,,2026-09-17 23:30:17
電源供應器,DEEPCOOL 九州風神,｛九州風神 PN850M WH(850W) 白色｝雙8/金牌/全模組/ATX3.1(PCIe 5.1)/主日系/10年,3190,,2026-09-17 23:30:17
電源供應器,大飛 darkFlash,｛darkFlash PMT 750W 黑色｝雙8/金牌/全模組/ATX3.1(PCIe 5.1)/主日系/10年保,2990,,2026-09-17 23:30:17
電源供應器,大飛 darkFlash,｛darkFlash PMT 750W 白色｝雙8/金牌/全模組/ATX3.1(PCIe 5.1)/主日系/10年保,3090,,2026-09-17 23:30:17
電源供應器,大飛 darkFlash,｛darkFlash PMT 850W 黑色｝雙8/金牌/全模組/ATX3.1(PCIe 5.1)/主日系/10年保,3290,,2026-09-17 23:30:17
電源供應器,大飛 darkFlash,｛darkFlash PMT 850W 白色｝雙8/金牌/全模組/ATX3.1(PCIe 5.1)/主日系/10年保,3390,,2026-09-17 23:30:17
電源供應器,恩傑 NZXT【原價屋售出 2年快換】,｛NZXT C750(750W) 銅牌｝雙8/直出線/ATX3.1(PCIe 5.1)/5年,2490,,2026-09-17 23:30:17
電源供應器,恩傑 NZXT【原價屋售出 2年快換】,｛NZXT C850(850W) CORE 黑｝雙8/金牌/全模組/ATX3.1(PCIe 5.1)壓紋線/7年,3990,,2026-09-17 23:30:17
電源供應器,恩傑 NZXT【原價屋售出 2年快換】,｛NZXT C850(850W) ATX3.1 白｝雙8/金牌/全模組/PCIe 5.1/全日系/10年,4290,,2026-09-17 23:30:17
電源供應器,恩傑 NZXT【原價屋售出 2年快換】,｛NZXT C1000(1000W) ATX3.1 黑｝雙8/金牌/全模組/PCIe 5.1/全日系/10年,5490,,2026-09-17 23:30:17
電源供應器,恩傑 NZXT【原價屋售出 2年快換】,｛NZXT C1000(1000W) ATX3.1 白｝雙8/金牌/全模組/PCIe 5.1/全日系/10年,5690,,2026-09-17 23:30:17
電源供應器,恩傑 NZXT【原價屋售出 2年快換】,｛NZXT C1200(1200W) ATX3.1 黑｝雙8/金牌/全模組/PCIe 5.1/全日系/10年,7390,,2026-09-17 23:30:17
電源供應器,恩傑 NZXT【原價屋售出 2年快換】,｛NZXT C1500(1500W) ATX3.1｝雙8/白金/數位電源/全模組/雙PCIe 5.1/全日系/10年,11990,,2026-09-17 23:30:17
電源供應器,華擎 ASRock,｛ASRock SL-750G(750W) 黑｝雙8/金牌/全模組/ATX3.1(PCIe 5.1)/全日系/10年,3290,,2026-09-17 23:30:17
電源供應器,華擎 ASRock,｛ASRock SL-850G(850W) 黑｝雙8/金牌/全模組/ATX3.1(PCIe 5.1)/全日系/10年,3890,,2026-09-17 23:30:17
電源供應器,華擎 ASRock,｛ASRock SL-850GW(850W) 白｝雙8/金牌/全模組/ATX3.1(PCIe 5.1)/全日系/10年,3990,,2026-09-17 23:30:17
電源供應器,華擎 ASRock,｛ASRock SL-1000G(1000W) 黑｝雙8/金牌/全模組/ATX3.1(PCIe 5.1)/全日系/10年,4590,,2026-09-17 23:30:17
電源供應器,華擎 ASRock,｛ASRock SL-1000GW(1000W) 白｝雙8/金牌/全模組/ATX3.1(PCIe 5.1)/全日系/10年,4690,,2026-09-17 23:30:17
電源供應器,技嘉 GIGABYTE,｛技嘉 P550B(550W)｝銅牌/3年保,1690,,2026-09-17 23:30:17
電源供應器,技嘉 GIGABYTE,｛技嘉 P650G PG5(650W)｝ 雙8/金牌/ATX3.1(PCIe 5.1)/主日系/5年保,2690,,2026-09-17 23:30:17
電源供應器,技嘉 GIGABYTE,｛技嘉 UD750GM PG5 V2(750W)｝雙8/金牌/全模組/ATX3.1(PCIe 5.1)全日系/10年,3290,,2026-09-17 23:30:17
電源供應器,技嘉 GIGABYTE,｛技嘉 UD750GM PG5 V2 ICE(750W)｝雙8/金牌/全模組/ATX3.1(PCIe 5.1)全日系/10年,3390,,2026-09-17 23:30:17
電源供應器,技嘉 GIGABYTE,｛技嘉 UD850GM PG5 V2(850W)｝雙8/金牌/全模組/ATX3.1(PCIe 5.1)全日系/10年,3890,,2026-09-17 23:30:17
電源供應器,技嘉 GIGABYTE,｛技嘉 UD850GM PG5 V2 ICE(850W)｝雙8/金牌/全模組/ATX3.1(PCIe 5.1)全日系/10年,3990,,2026-09-17 23:30:17
電源供應器,技嘉 GIGABYTE,｛技嘉 UD1000GM PG5 V2(1000W)｝雙8/金牌/全模組/ATX3.1(PCIe 5.1)全日系/10年,5290,,2026-09-17 23:30:17
電源供應器,技嘉 GIGABYTE,｛技嘉 UD1000GM PG5 V2 ICE(1000W)｝雙8/金牌/全模組/ATX3.1(PCIe 5.1)全日系/10年,5390,,2026-09-17 23:30:17
電源供應器,技嘉 GIGABYTE,｛技嘉 UD1600PM PG5(1600W)｝雙8/白金/全模組/ATX3.1(雙PCIe 5.1)主日系/10年,14990,,2026-09-17 23:30:17
電源供應器,技嘉 GIGABYTE,｛技嘉 GAMING 1000GM PG5(1000W)｝雙8/金牌/全模組/ATX3.1(PCIe 5.1)全日系/10年,5990,,2026-09-17 23:30:17
電源供應器,技嘉 GIGABYTE,｛技嘉 AORUS ELITE 1000W｝雙8/白金/全模組/ATX3.0(PCIe 5.0)全日系/10年,6990,,2026-09-17 23:30:17
電源供應器,技嘉 GIGABYTE,｛技嘉 AORUS ELITE 1000W ICE(白色)｝雙8/白金/全模組/ATX3.0(PCIe 5.0)全日系/10年,6490,,2026-09-17 23:30:17
電源供應器,曜越 Thermaltake【原價屋售出 3年快換 !!】,｛曜越 Toughpower GF A3 750W｝雙8/金牌/全模組/ATX3.0(PCIe 5.0)/主日系/10年保,2690,,2026-09-17 23:30:17
電源供應器,曜越 Thermaltake【原價屋售出 3年快換 !!】,｛曜越 Toughpower GF A3 850W｝雙8/金牌/全模組/ATX3.0(PCIe 5.0)/主日系/10年保,2990,,2026-09-17 23:30:17
電源供應器,曜越 Thermaltake【原價屋售出 3年快換 !!】,｛曜越 Toughpower GF3 1350W ATX3.0(PCIe 5.0)｝雙8/金牌/全模組/10年保,4990,,2026-09-17 23:30:17
電源供應器,聯力工業 LIAN LI,｛聯力 RS1000G(1000W) 黑｝雙8/金牌/全模組/ATX3.1(PCIe 5.1)/USB Hub/雙向安裝/10年,4399,,2026-09-17 23:30:17
電源供應器,聯力工業 LIAN LI,｛聯力 RS1000G(1000W) 白｝雙8/金牌/全模組/ATX3.1(PCIe 5.1)/USB Hub/雙向安裝/10年,4549,,2026-09-17 23:30:17
電源供應器,聯力工業 LIAN LI,｛聯力 RS1200G(1200W) 黑｝雙8/金牌/全模組/ATX3.1(PCIe 5.1)/USB Hub/雙向安裝/10年,5299,,2026-09-17 23:30:17
電源供應器,聯力工業 LIAN LI,｛聯力 RS1200G(1200W) 白｝雙8/金牌/全模組/ATX3.1(PCIe 5.1)/USB Hub/雙向安裝/10年,5449,,2026-09-17 23:30:17
